No EMPRE|VALOR SUB|TRAB F|TRAB M|CIUDAD|CIIU|DESCRIPCION|
224.0|25054560.0|339.0|1200.0|TUNJA|4290|CONSTRUCCION DE OTRAS OBRAS DE INGENIERIA CIVIL|
2.0|0.0|0.0|1.0|SANTA ROSA DE VITERBO|4663|COMERCIO AL POR MAYOR DE MATERIALES DE CONSTRUCCION- ARTICULOS DE FERRETERIA- PINTURAS- PRODUCTOS DE VIDRIO- EQUIPO Y MATERIALES DE FONTANERIA Y CALEFACCION|
7.0|98640.0|1.0|7.0|SAMACA|9499|ACTIVIDADES DE OTRAS ASOCIACIONES NCP|
38.0|9896880.0|186.0|123.0|SANTAFE DE BOGOTA|7820|ACTIVIDADES DE AGENCIAS DE EMPLEO TEMPORAL|
9.0|2597520.0|63.0|74.0|SOGAMOSO|8299|OTRAS ACTIVIDADES DE SERVICIO DE APOYO A LAS EMPRESAS NCP|
1.0|0.0|1.0|0.0|MONIQUIRA|4663|COMERCIO AL POR MAYOR DE MATERIALES DE CONSTRUCCION- ARTICULOS DE FERRETERIA- PINTURAS- PRODUCTOS DE VIDRIO- EQUIPO Y MATERIALES DE FONTANERIA Y CALEFACCION|
3.0|65760.0|0.0|1.0|TUNJA|4789|COMERCIO AL POR MENOR DE OTROS PRODUCTOS EN PUESTOS DE VENTA MOVILES|
6.0|591840.0|16.0|7.0|PAIPA|1081|ELABORACION DE PRODUCTOS DE PANADERIA|
435.0|50569440.0|241.0|1706.0|DUITAMA|4923|TRANSPORTE DE CARGA POR CARRETERA|
1.0|75640.0|0.0|1.0|VILLA DE LEYVA|0111|CULTIVO DE CEREALES (EXCEPTO ARROZ)- LEGUMBRES Y SEMILLAS OLEAGINOSAS|
14.0|723360.0|10.0|53.0|CHIQUINQUIRA|4290|CONSTRUCCION DE OTRAS OBRAS DE INGENIERIA CIVIL|
3.0|65760.0|1.0|1.0|GUAYATA|9700|ACTIVIDADES DE LOS HOGARES INDIVIDUALES COMO EMPLEADORES DE PERSONAL DOMESTICO|
1.0|0.0|0.0|0.0|VALLEDUPAR|8413|REGULACION DE LAS ACTIVIDADES DE ORGANISMOS QUE PRESTAN SERVICIOS DE SALUD- EDUCATIVOS- CULTURALES Y OTROS SERVICIOS SOCIALES- EXCEPTO SERVICIOS DE SEGURIDAD SOCIAL|
100.0|8778960.0|219.0|170.0|TUNJA|5611|EXPENDIO A LA MESA DE COMIDAS PREPARADAS|
7.0|295920.0|19.0|16.0|SOGAMOSO|5619|OTROS TIPOS DE EXPENDIO DE COMIDAS PREPARADAS NCP|
5.0|263040.0|5.0|8.0|SOGAMOSO|7730|ALQUILER Y ARRENDAMIENTO DE OTROS TIPOS DE MAQUINARIA- EQUIPO Y BIENES TANGIBLES NCP|
4.0|493200.0|1.0|28.0|SOGAMOSO|4220|CONSTRUCCION DE PROYECTOS DE SERVICIO PUBLICO|
1.0|32880.0|0.0|0.0|CALI|3511|GENERACION DE ENERGIA ELECTRICA|
1.0|0.0|0.0|0.0|SANTAFE DE BOGOTA|2513|FABRICACION DE GENERADORES DE VAPOR- EXCEPTO CALDERAS DE AGUA CALIENTE PARA CALEFACCION CENTRAL|
7.0|1709760.0|26.0|81.0|TUNJA|7120|ENSAYOS Y ANALISIS TECNICOS|
1.0|0.0|0.0|3.0|PUERTO BOYACA|4721|COMERCIO AL POR MENOR DE PRODUCTOS AGRICOLAS PARA EL CONSUMO EN ESTABLECIMIENTOS ESPECIALIZADOS|
4.0|65760.0|5.0|4.0|TUNJA|4653|COMERCIO AL POR MAYOR DE MAQUINARIA Y EQUIPO AGROPECUARIOS|
1.0|0.0|0.0|0.0|FIRAVITOBA|8211|ACTIVIDADES COMBINADAS DE SERVICIOS ADMINISTRATIVOS DE OFICINA|
1.0|0.0|1.0|0.0|CUCUTA|4530|COMERCIO DE PARTES- PIEZAS (AUTOPARTES) Y ACCESORIOS (LUJOS) PARA VEHICULOS AUTOMOTORES|
1.0|558960.0|1.0|2.0|CHIQUINQUIRA|8430|ACTIVIDADES DE PLANES DE SEGURIDAD SOCIAL DE AFILIACION OBLIGATORIA|
28.0|920640.0|43.0|7.0|DUITAMA|8622|ACTIVIDADES DE LA PRACTICA ODONTOLOGICA|
153.0|54153360.0|97.0|1719.0|SOGAMOSO|0510|EXTRACCION DE HULLA (CARBON DE PIEDRA)|
15.0|4405920.0|114.0|105.0|DUITAMA|7020|ACTIVIDADES DE CONSULTARIA DE GESTION|
4.0|197280.0|6.0|3.0|SANTAFE DE BOGOTA|4741|COMERCIO AL POR MENOR DE COMPUTADORES- EQUIPOS PERIFERICOS- PROGRAMAS DE INFORMATICA Y EQUIPOS DE TELECOMUNICACIONES EN ESTABLECIMIENTOS ESPECIALIZADOS|
19.0|9699600.0|259.0|244.0|TUNJA|9411|ACTIVIDADES DE ASOCIACIONES EMPRESARIALES Y DE EMPLEADORES|
14.0|131520.0|13.0|10.0|SANTAFE DE BOGOTA|7310|PUBLICIDAD|
4.0|131520.0|5.0|4.0|DUITAMA|4755|COMERCIO AL POR MENOR DE ARTICULOS Y UTENSILIOS DE USO DOMESTICO|
2.0|65760.0|0.0|4.0|TIBANA|4290|CONSTRUCCION DE OTRAS OBRAS DE INGENIERIA CIVIL|
2.0|32880.0|18.0|8.0|CHIQUINQUIRA|8610|ACTIVIDADES DE HOSPITALES Y CLINICAS- CON INTERNACION|
29.0|5622480.0|141.0|59.0|SANTAFE DE BOGOTA|4645|COMERCIO AL POR MAYOR DE PRODUCTOS FARMACEUTICOS- MEDICINALES- COSMETICOS Y DE TOCADOR|
3.0|328800.0|1.0|17.0|VILLA DE LEYVA|4330|TERMINACION Y ACABADO DE EDIFICIOS Y OBRAS DE INGENIERIA CIVIL|
90.0|23081760.0|165.0|931.0|DUITAMA|4290|CONSTRUCCION DE OTRAS OBRAS DE INGENIERIA CIVIL|
7.0|98640.0|5.0|3.0|SOGAMOSO|6810|ACTIVIDADES INMOBILIARIAS REALIZADAS CON BIENES PROPIOS O ARRENDADOS|
65.0|2400240.0|37.0|34.0|SANTAFE DE BOGOTA|9700|ACTIVIDADES DE LOS HOGARES INDIVIDUALES COMO EMPLEADORES DE PERSONAL DOMESTICO|
2.0|65760.0|0.0|6.0|SOATA|4923|TRANSPORTE DE CARGA POR CARRETERA|
1.0|0.0|0.0|1.0|GUATEQUE|7730|ALQUILER Y ARRENDAMIENTO DE OTROS TIPOS DE MAQUINARIA- EQUIPO Y BIENES TANGIBLES NCP|
1.0|65760.0|1.0|0.0|FUNZA|2100|FABRICACION DE PRODUCTOS FARMACEUTICOS- SUSTANCIAS QUIMICAS MEDICINALES Y PRODUCTOS BOTANICOS DE USO FARMACEUTICO|
1.0|0.0|0.0|3.0|SOMONDOCO|0145|CRIA DE AVES DE CORRAL|
7.0|263040.0|6.0|8.0|SOGAMOSO|8559|OTROS TIPOS DE EDUCACION NCP|
1.0|0.0|1.0|2.0|SANTAFE DE BOGOTA|1090|ELABORACION DE ALIMENTOS PREPARADOS PARA ANIMALES|
20.0|1348080.0|16.0|60.0|CHIQUINQUIRA|7110|ACTIVIDADES DE ARQUITECTURA E INGENIERIA Y OTRAS ACTIVIDADES CONEXAS DE CONSULTORIA TECNICA|
1.0|0.0|0.0|1.0|TIBASOSA|6201|ACTIVIDADES DE DESARROLLO DE SISTEMAS INFORMATICOS (PLANIFICACION- ANALISIS- DISEÑ- PROGRAMACION- PRUEBAS)|
5.0|230160.0|17.0|7.0|VILLA DE LEYVA|4711|COMERCIO AL POR MENOR EN ESTABLECIMIENTOS NO ESPECIALIZADOS CON SURTIDO COMPUESTO PRINCIPALMENTE POR ALIMENTOS- BEBIDAS O TABACO|
3.0|230160.0|5.0|6.0|TUNJA|4922|TRANSPORTE MIXTO|
8.0|263040.0|11.0|114.0|GARAGOA|4290|CONSTRUCCION DE OTRAS OBRAS DE INGENIERIA CIVIL|
6.0|131520.0|3.0|12.0|BUCARAMANGA|7110|ACTIVIDADES DE ARQUITECTURA E INGENIERIA Y OTRAS ACTIVIDADES CONEXAS DE CONSULTORIA TECNICA|
1.0|0.0|0.0|0.0|MONIQUIRA|0020|PENSIONADOS|
18.0|2827680.0|46.0|25.0|TUNJA|8299|OTRAS ACTIVIDADES DE SERVICIO DE APOYO A LAS EMPRESAS NCP|
1.0|32880.0|0.0|1.0|TOTA|9329|OTRAS ACTIVIDADES RECREATIVAS Y DE ESPARCIMIENTO NCP|
2.0|65760.0|2.0|0.0|VILLA DE LEYVA|7490|OTRAS ACTIVIDADES PROFESIONALES- CIENTIFICAS Y TECNICAS NCP|
4.0|718580.0|2.0|14.0|SOGAMOSO|0210|SILVICULTURA Y OTRAS ACTIVIDADES FORESTALES|
55.0|3320880.0|118.0|62.0|SOGAMOSO|9499|ACTIVIDADES DE OTRAS ASOCIACIONES NCP|
2.0|0.0|2.0|2.0|JENESANO|9700|ACTIVIDADES DE LOS HOGARES INDIVIDUALES COMO EMPLEADORES DE PERSONAL DOMESTICO|
19.0|1446720.0|56.0|17.0|SOGAMOSO|8622|ACTIVIDADES DE LA PRACTICA ODONTOLOGICA|
2.0|65760.0|3.0|0.0|TENZA|6910|ACTIVIDADES JURIDICAS|
2.0|65760.0|2.0|2.0|SOGAMOSO|4759|COMERCIO AL POR MENOR DE OTROS ARTICULOS DOMESTICOS EN ESTABLECIMIENTOS ESPECIALIZADOS|
7.0|2466000.0|75.0|13.0|TUNJA|8790|OTRAS ACTIVIDADES DE ATENCION EN INSTITUCIONES CON ALOJAMIENTO|
15.0|1578240.0|20.0|65.0|SOGAMOSO|0811|EXTRACCION DE PIEDRA- ARENA- ARCILLAS COMUNES- YESO Y ANHIDRITA|
11.0|15190560.0|810.0|336.0|DUITAMA|8522|EDUCACION MEDIA ACADEMICA|
2.0|690480.0|18.0|7.0|HONDA|9511|MANTENIMIENTO Y REPARACION DE COMPUTADORES Y DE EQUIPO PERIFERICO|
6.0|1413840.0|20.0|36.0|MEDELLIN|7820|ACTIVIDADES DE AGENCIAS DE EMPLEO TEMPORAL|
4.0|328800.0|11.0|15.0|TUNJA|8541|EDUCACION TECNICA PROFESIONAL|
1.0|151280.0|3.0|6.0|MONIQUIRA|0145|CRIA DE AVES DE CORRAL|
7.0|1972800.0|53.0|29.0|TUNJA|6499|OTRAS ACTIVIDADES DE SERVICIO FINANCIERO- EXCEPTO LAS DE SEGUROS Y PENSIONES NCP|
2.0|328800.0|12.0|7.0|SANTA SOFIA|8610|ACTIVIDADES DE HOSPITALES Y CLINICAS- CON INTERNACION|
5.0|230160.0|5.0|13.0|PUERTO BOYACA|4322|INSTALACIONES DE FONTANERIA- CALEFACCION Y AIRE ACONDICIONADO|
1.0|197280.0|4.0|3.0|GUATEQUE|9603|POMPAS FUNEBRES Y ACTIVIDADES RELACIONADAS|
1.0|0.0|0.0|0.0|CERINZA|0141|CRIA DE GANADO BOVINO Y BUFALINO|
1.0|65760.0|0.0|2.0|JERICO|4732|COMERCIO AL POR MENOR DE LUBRICANTES (ACEITES- GRASAS)- ADITIVOS Y PRODUCTOS DE LIMPIEZA PARA VEHICULOS AUTOMOTORES|
3.0|65760.0|1.0|10.0|MUZO|0820|EXTRACCION DE ESMERALDAS- PIEDRAS PRECIOSAS Y SEMIPRECIOSAS|
4.0|591840.0|6.0|41.0|PUERTO BOYACA|0910|ACTIVIDADES DE APOYO PARA LA EXTRACCION DE PETROLEO Y DE GAS NATURAL|
27.0|2794800.0|24.0|94.0|TUNJA|4330|TERMINACION Y ACABADO DE EDIFICIOS Y OBRAS DE INGENIERIA CIVIL|
346.0|8976240.0|312.0|60.0|TUNJA|9700|ACTIVIDADES DE LOS HOGARES INDIVIDUALES COMO EMPLEADORES DE PERSONAL DOMESTICO|
4.0|32880.0|1.0|14.0|SOGAMOSO|4112|CONSTRUCCION DE EDIFICIOS NO RESIDENCIALES|
53.0|5786880.0|67.0|360.0|SANTAFE DE BOGOTA|4290|CONSTRUCCION DE OTRAS OBRAS DE INGENIERIA CIVIL|
18.0|2005680.0|36.0|28.0|TUNJA|1081|ELABORACION DE PRODUCTOS DE PANADERIA|
7.0|1808400.0|25.0|40.0|TUNJA|4632|COMERCIO AL POR MAYOR DE BEBIDAS Y TABACO|
45.0|11310720.0|109.0|536.0|DUITAMA|4111|CONSTRUCCION DE EDIFICIOS RESIDENCIALES|
1.0|0.0|0.0|0.0|GUATEQUE|0020|PENSIONADOS|
1.0|0.0|0.0|1.0|SANTAFE DE BOGOTA|4774|COMERCIO AL POR MENOR DE OTROS PRODUCTOS NUEVOS EN ESTABLECIMIENTOS ESPECIALIZADOS|
3.0|723360.0|5.0|16.0|SAMACA|3600|CAPTACION- TRATAMIENTO Y DISTRIBUCION DE AGUA|
1.0|0.0|0.0|3.0|TRINIDAD|4290|CONSTRUCCION DE OTRAS OBRAS DE INGENIERIA CIVIL|
3.0|65760.0|0.0|1.0|TUNJA|8552|ENSEÑNZA DEPORTIVA Y RECREATIVA|
6.0|3748320.0|11.0|224.0|SANTAFE DE BOGOTA|3312|MANTENIMIENTO Y REPARACION ESPECIALIZADO DE MAQUINARIA Y EQUIPO|
14.0|624720.0|16.0|22.0|SANTAFE DE BOGOTA|7490|OTRAS ACTIVIDADES PROFESIONALES- CIENTIFICAS Y TECNICAS NCP|
1.0|131520.0|0.0|2.0|TABIO|4610|COMERCIO AL POR MAYOR A CAMBIO DE UNA RETRIBUCION O POR CONTRATA|
21.0|1323700.0|11.0|39.0|SOGAMOSO|0141|CRIA DE GANADO BOVINO Y BUFALINO|
3.0|131520.0|1.0|2.0|TUNJA|8230|ORGANIZACION DE CONVENCIONES Y EVENTOS COMERCIALES|
1.0|0.0|0.0|0.0|SANTAFE DE BOGOTA|8543|EDUCACION DE INSTITUCIONES UNIVERSITARIAS O DE ESCUELAS TECNOLOGICAS|
3.0|0.0|2.0|1.0|SOGAMOSO|0000|NO DEFINIDA ACTIVIDAD ECONOMICA|
51.0|8495130.0|98.0|194.0|DUITAMA|4530|COMERCIO DE PARTES- PIEZAS (AUTOPARTES) Y ACCESORIOS (LUJOS) PARA VEHICULOS AUTOMOTORES|
1.0|32880.0|2.0|1.0|TUTA|5613|EXPENDIO DE COMIDAS PREPARADAS EN CAFETERIAS|
2.0|197280.0|1.0|7.0|PUERTO BOYACA|5229|OTRAS ACTIVIDADES COMPLEMENTARIAS AL TRANSPORTE|
1.0|0.0|0.0|0.0|DUITAMA|5224|MANIPULACION DE CARGA|
1.0|0.0|0.0|0.0|VILLA DE LEYVA|8230|ORGANIZACION DE CONVENCIONES Y EVENTOS COMERCIALES|
1.0|0.0|0.0|0.0|PESCA|9700|ACTIVIDADES DE LOS HOGARES INDIVIDUALES COMO EMPLEADORES DE PERSONAL DOMESTICO|
27.0|2761920.0|9.0|102.0|TUNJA|4321|INSTALACIONES ELECTRICAS|
1.0|0.0|1.0|0.0|SAN MATEO|9700|ACTIVIDADES DE LOS HOGARES INDIVIDUALES COMO EMPLEADORES DE PERSONAL DOMESTICO|
1.0|65760.0|0.0|1.0|MONIQUIRA|7500|ACTIVIDADES VETERINARIAS|
1.0|0.0|1.0|0.0|MOSQUERA|1011|PROCESAMIENTO Y CONSERVACION DE CARNE Y PRODUCTOS CARNICOS|
2.0|0.0|0.0|1.0|SANTAFE DE BOGOTA|8560|ACTIVIDADES DE APOYO A LA EDUCACION|
35.0|5260800.0|63.0|178.0|TUNJA|4530|COMERCIO DE PARTES- PIEZAS (AUTOPARTES) Y ACCESORIOS (LUJOS) PARA VEHICULOS AUTOMOTORES|
59.0|19991040.0|45.0|823.0|DUITAMA|0510|EXTRACCION DE HULLA (CARBON DE PIEDRA)|
1.0|9190260.0|81.0|98.0|SOTAQUIRA|0125|CULTIVO DE FLOR DE CORTE|
1.0|1052160.0|0.0|12.0|VALLEDUPAR|3210|FABRICACION DE JOYAS- BISUTERIA Y ARTICULOS CONEXOS|
9.0|65760.0|10.0|13.0|SOGAMOSO|4664|COMERCIO AL POR MAYOR DE PRODUCTOS QUIMICOS BASICOS- CAUCHOS Y PLASTICOS EN FORMAS PRIMARIAS Y PRODUCTOS QUIMICOS DE USO AGROPECUARIO|
1.0|65760.0|0.0|0.0|VENTAQUEMADA|4759|COMERCIO AL POR MENOR DE OTROS ARTICULOS DOMESTICOS EN ESTABLECIMIENTOS ESPECIALIZADOS|
9.0|854880.0|17.0|55.0|CHIQUINQUIRA|1040|ELABORACION DE PRODUCTOS LACTEOS|
2.0|0.0|1.0|0.0|MEDELLIN|1089|ELABORACION DE OTROS PRODUCTOS ALIMENTICIOS NCP|
42.0|7350120.0|237.0|84.0|DUITAMA|8621|ACTIVIDADES DE LA PRACTICA MEDICA- SIN INTERNACION|
3.0|295920.0|3.0|9.0|SANTAFE DE BOGOTA|4651|COMERCIO AL POR MAYOR DE COMPUTADORES- EQUIPO PERIFERICO Y PROGRAMAS DE INFORMATICA|
24.0|8784480.0|112.0|176.0|SANTAFE DE BOGOTA|9499|ACTIVIDADES DE OTRAS ASOCIACIONES NCP|
7.0|328800.0|0.0|8.0|PAIPA|7110|ACTIVIDADES DE ARQUITECTURA E INGENIERIA Y OTRAS ACTIVIDADES CONEXAS DE CONSULTORIA TECNICA|
4.0|295920.0|13.0|6.0|CALI|7110|ACTIVIDADES DE ARQUITECTURA E INGENIERIA Y OTRAS ACTIVIDADES CONEXAS DE CONSULTORIA TECNICA|
1.0|0.0|0.0|0.0|COMBITA|0125|CULTIVO DE FLOR DE CORTE|
1.0|0.0|0.0|0.0|MEDELLIN|7410|ACTIVIDADES ESPECIALIZADAS DE DISEÑ|
1.0|0.0|0.0|0.0|EL COCUY|9004|CREACION AUDIOVISUAL|
3.0|1249440.0|18.0|26.0|COMBITA|8411|ACTIVIDADES LEGISLATIVAS DE LA ADMINISTRACION PUBLICA|
1.0|0.0|0.0|1.0|AQUITANIA|4921|TRANSPORTE DE PASAJEROS|
13.0|1210240.0|3.0|56.0|PUERTO BOYACA|0143|CRIA DE OVEJAS Y CABRAS|
3.0|854880.0|3.0|20.0|SANTAFE DE BOGOTA|3520|PRODUCCION DE GAS- DISTRIBUCION DE COMBUSTIBLES GASEOSOS POR TUBERIAS|
22.0|3090720.0|33.0|107.0|CHIQUINQUIRA|4711|COMERCIO AL POR MENOR EN ESTABLECIMIENTOS NO ESPECIALIZADOS CON SURTIDO COMPUESTO PRINCIPALMENTE POR ALIMENTOS- BEBIDAS O TABACO|
5.0|493200.0|17.0|9.0|PUERTO BOYACA|8621|ACTIVIDADES DE LA PRACTICA MEDICA- SIN INTERNACION|
2.0|65760.0|5.0|0.0|VILLA DE LEYVA|8522|EDUCACION MEDIA ACADEMICA|
4.0|164400.0|8.0|2.0|DUITAMA|8513|EDUCACION BASICA PRIMARIA|
10.0|2005680.0|69.0|39.0|CHIQUINQUIRA|8522|EDUCACION MEDIA ACADEMICA|
15.0|983320.0|12.0|20.0|TUNJA|0150|EXPLOTACION MIXTA (AGRICOLA Y PECUARIA)|
1.0|302560.0|6.0|2.0|SUTAMARCHAN|0130|PROPAGACION DE PLANTAS (ACTIVIDADES DE LOS VIVEROS- EXCEPTO VIVEROS FORESTALES)|
2.0|723360.0|20.0|6.0|EL COCUY|9499|ACTIVIDADES DE OTRAS ASOCIACIONES NCP|
15.0|4504560.0|7.0|173.0|TASCO|0510|EXTRACCION DE HULLA (CARBON DE PIEDRA)|
6.0|657600.0|3.0|17.0|DUITAMA|1610|ASERRADO- ACEPILLADO E IMPREGNACION DE LA MADERA|
1.0|151280.0|6.0|9.0|SUTAMARCHAN|0129|OTROS CULTIVOS PERMANENTES NCP|
3.0|65760.0|8.0|8.0|BUCARAMANGA|7820|ACTIVIDADES DE AGENCIAS DE EMPLEO TEMPORAL|
1.0|0.0|0.0|0.0|LA CAPILLA|7912|ACTIVIDADES DE OPERADORES TURISTICOS|
5.0|690480.0|4.0|27.0|SANTAFE DE BOGOTA|4520|MANTENIMIENTO Y REPARACION DE VEHICULOS AUTOMOTORES|
2.0|164400.0|2.0|2.0|TUNJA|7410|ACTIVIDADES ESPECIALIZADAS DE DISEÑ|
5.0|789120.0|1.0|10.0|SANTAFE DE BOGOTA|5229|OTRAS ACTIVIDADES COMPLEMENTARIAS AL TRANSPORTE|
2.0|0.0|0.0|1.0|SANTAFE DE BOGOTA|1811|ACTIVIDADES DE IMPRESION|
1.0|0.0|0.0|10.0|CHIQUINQUIRA|7220|INVESTIGACIONES Y DESARROLLO EXPERIMENTAL EN EL CAMPO DE LAS CIENCIAS SOCIALES Y LAS HUMANIDADES|
18.0|1742640.0|43.0|24.0|TUNJA|5613|EXPENDIO DE COMIDAS PREPARADAS EN CAFETERIAS|
135.0|2531760.0|120.0|24.0|SOGAMOSO|9700|ACTIVIDADES DE LOS HOGARES INDIVIDUALES COMO EMPLEADORES DE PERSONAL DOMESTICO|
1.0|0.0|0.0|0.0|AQUITANIA|4111|CONSTRUCCION DE EDIFICIOS RESIDENCIALES|
1.0|32880.0|1.0|1.0|LA ESTRELLA|4659|COMERCIO AL POR MAYOR DE OTROS TIPOS DE MAQUINARIA Y EQUIPO NCP|
1.0|65760.0|1.0|0.0|SANTAFE DE BOGOTA|9006|ACTIVIDADES TEATRALES|
6.0|690480.0|2.0|8.0|CHIQUINQUIRA|4210|CONSTRUCCION DE CARRETERAS Y VIAS DE FERROCARRIL|
1.0|0.0|0.0|0.0|CUBARA|4290|CONSTRUCCION DE OTRAS OBRAS DE INGENIERIA CIVIL|
4.0|3288000.0|69.0|32.0|TUNJA|8129|OTRAS ACTIVIDADES DE LIMPIEZA DE EDIFICIOS E INSTALACIONES INDUSTRIALES|
13.0|1972800.0|51.0|55.0|PUERTO BOYACA|9499|ACTIVIDADES DE OTRAS ASOCIACIONES NCP|
6.0|2893440.0|25.0|131.0|PUERTO BOYACA|7710|ALQUILER Y ARRENDAMIENTO DE VEHICULOS AUTOMOTORES|
6.0|197280.0|5.0|0.0|VILLA DE LEYVA|0000|NO DEFINIDA ACTIVIDAD ECONOMICA|
1.0|32880.0|1.0|0.0|MONIQUIRA|5519|OTROS TIPOS DE ALOJAMIENTOS PARA VISITANTES|
7.0|98640.0|3.0|17.0|CHIQUINQUIRA|4111|CONSTRUCCION DE EDIFICIOS RESIDENCIALES|
2.0|0.0|2.0|0.0|SANTAFE DE BOGOTA|8523|EDUCACION MEDIA TECNICA Y DE FORMACION LABORAL|
5.0|591840.0|6.0|28.0|SANTAFE DE BOGOTA|9511|MANTENIMIENTO Y REPARACION DE COMPUTADORES Y DE EQUIPO PERIFERICO|
1.0|0.0|0.0|1.0|PAIPA|4665|COMERCIO AL POR MAYOR DE DESPERDICIOS- DESECHOS Y CHATARRA|
1.0|98640.0|1.0|0.0|SOTAQUIRA|7490|OTRAS ACTIVIDADES PROFESIONALES- CIENTIFICAS Y TECNICAS NCP|
15.0|1709760.0|13.0|70.0|SANTAFE DE BOGOTA|4111|CONSTRUCCION DE EDIFICIOS RESIDENCIALES|
9.0|493200.0|3.0|18.0|SAMACA|4290|CONSTRUCCION DE OTRAS OBRAS DE INGENIERIA CIVIL|
4.0|113460.0|10.0|15.0|SOGAMOSO|0220|EXTRACCION DE MADERA|
57.0|3649680.0|144.0|19.0|TUNJA|8622|ACTIVIDADES DE LA PRACTICA ODONTOLOGICA|
35.0|3518160.0|73.0|60.0|TUNJA|6810|ACTIVIDADES INMOBILIARIAS REALIZADAS CON BIENES PROPIOS O ARRENDADOS|
4.0|361680.0|17.0|10.0|SANTAFE DE BOGOTA|5612|EXPENDIO POR AUTOSERVICIO DE COMIDAS PREPARADAS|
9.0|3616800.0|58.0|80.0|TUNJA|4669|COMERCIO AL POR MAYOR DE OTROS PRODUCTOS NCP|
2.0|32880.0|3.0|1.0|SACHICA|5611|EXPENDIO A LA MESA DE COMIDAS PREPARADAS|
1.0|0.0|0.0|0.0|VENTAQUEMADA|1081|ELABORACION DE PRODUCTOS DE PANADERIA|
1.0|37820.0|0.0|0.0|PUERTO BOYACA|0112|CULTIVO DE ARROZ|
5.0|427440.0|13.0|9.0|SOGAMOSO|4652|COMERCIO AL POR MAYOR DE EQUIPO- PARTES Y PIEZAS ELECTRONICOS Y DE TELECOMUNICACIONES|
13.0|328800.0|9.0|37.0|TUNJA|6201|ACTIVIDADES DE DESARROLLO DE SISTEMAS INFORMATICOS (PLANIFICACION- ANALISIS- DISEÑ- PROGRAMACION- PRUEBAS)|
2.0|32880.0|4.0|1.0|MONIQUIRA|4771|COMERCIO AL POR MENOR DE PRENDAS DE VESTIR Y SUS ACCESORIOS (INCLUYE ARTICULOS DE PIEL) EN ESTABLECIMIENTOS ESPECIALIZADOS|
3.0|3403800.0|24.0|28.0|TOCA|0113|CULTIVO DE HORTALIZAS- RAICES Y TUBERCULOS|
2.0|65760.0|0.0|3.0|GUATEQUE|4759|COMERCIO AL POR MENOR DE OTROS ARTICULOS DOMESTICOS EN ESTABLECIMIENTOS ESPECIALIZADOS|
1.0|65760.0|0.0|1.0|ZIPAQUIRA|4923|TRANSPORTE DE CARGA POR CARRETERA|
7.0|1249440.0|19.0|48.0|MONIQUIRA|1082|ELABORACION DE CACAO- CHOCOLATE Y PRODUCTOS DE CONFITERIA|
2.0|32880.0|2.0|2.0|CHIQUINQUIRA|6511|SEGUROS GENERALES|
8.0|164400.0|4.0|0.0|DUITAMA|8512|EDUCACION PREESCOLAR|
2.0|32880.0|2.0|1.0|SOGAMOSO|4742|COMERCIO AL POR MENOR DE EQUIPOS Y APARATOS DE SONIDO Y DE VIDEO- EN ESTABLECIMIENTOS ESPECIALIZADOS|
13.0|789120.0|10.0|19.0|TUNJA|3110|FABRICACION DE MUEBLES|
5.0|4011360.0|70.0|68.0|DUITAMA|4690|COMERCIO AL POR MAYOR NO ESPECIALIZADO|
7.0|1939920.0|32.0|40.0|SOGAMOSO|9603|POMPAS FUNEBRES Y ACTIVIDADES RELACIONADAS|
2.0|1512480.0|46.0|18.0|DUITAMA|6424|ACTIVIDADES DE LAS COOPERATIVAS FINANCIERAS|
15.0|1183680.0|4.0|26.0|SANTA ROSA DE VITERBO|4923|TRANSPORTE DE CARGA POR CARRETERA|
55.0|6477360.0|201.0|63.0|TUNJA|4773|COMERCIO AL POR MENOR DE PRODUCTOS FARMACEUTICOS Y MEDICINALES- COSMETICOS Y ARTICULOS DE TOCADOR EN ESTABLECIMIENTOS ESPECIALIZADOS|
23.0|1808400.0|27.0|59.0|SOGAMOSO|4530|COMERCIO DE PARTES- PIEZAS (AUTOPARTES) Y ACCESORIOS (LUJOS) PARA VEHICULOS AUTOMOTORES|
12.0|2498880.0|44.0|94.0|PUERTO BOYACA|4711|COMERCIO AL POR MENOR EN ESTABLECIMIENTOS NO ESPECIALIZADOS CON SURTIDO COMPUESTO PRINCIPALMENTE POR ALIMENTOS- BEBIDAS O TABACO|
1.0|5129280.0|69.0|66.0|BUCARAMANGA|4773|COMERCIO AL POR MENOR DE PRODUCTOS FARMACEUTICOS Y MEDICINALES- COSMETICOS Y ARTICULOS DE TOCADOR EN ESTABLECIMIENTOS ESPECIALIZADOS|
16.0|1664080.0|10.0|32.0|CHIQUINQUIRA|0143|CRIA DE OVEJAS Y CABRAS|
16.0|8252880.0|45.0|269.0|DUITAMA|8110|ACTIVIDADES COMBINADAS DE APOYO A INSTALACIONES|
4.0|9009120.0|71.0|200.0|DUITAMA|1104|ELABORACION DE BEBIDAS NO ALCOHOLICAS- PRODUCCION DE AGUAS MINERALES Y DE OTRAS AGUAS EMBOTELLADAS|
1.0|0.0|0.0|1.0|SANTAFE DE BOGOTA|5813|EDICION DE PERIODICOS- REVISTAS Y OTRAS PUBLICACIONES PERIODICAS|
1.0|0.0|0.0|0.0|TULUA|8220|ACTIVIDADES DE CENTROS DE LLAMADAS (CALL CENTER)|
1.0|302560.0|2.0|3.0|BARRANCABERMEJA|0161|ACTIVIDADES DE APOYO A LA AGRICULTURA|
5.0|98640.0|5.0|6.0|SOGAMOSO|4761|COMERCIO AL POR MENOR DE LIBROS- PERIODICOS- MATERIALES Y ARTICULOS DE PAPELERIA Y ESCRITORIO- EN ESTABLECIMIENTOS ESPECIALIZADOS|
102.0|25251840.0|816.0|245.0|TUNJA|8621|ACTIVIDADES DE LA PRACTICA MEDICA- SIN INTERNACION|
7.0|624720.0|0.0|27.0|SANTAFE DE BOGOTA|4321|INSTALACIONES ELECTRICAS|
4.0|197280.0|1.0|7.0|TUNJA|2599|FABRICACION DE OTROS PRODUCTOS ELABORADOS DE METAL NCP|
1.0|0.0|0.0|0.0|SANTAFE DE BOGOTA|5819|OTROS TRABAJOS DE EDICION|
1.0|0.0|0.0|0.0|SAN LUIS DE GACENO|4723|COMERCIO AL POR MENOR DE CARNES (INCLUYE AVES DE CORRAL)- PRODUCTOS CARNICOS- PESCADOS Y PRODUCTOS DE MAR- EN ESTABLECIMIENTOS ESPECIALIZADOS|
9.0|4011360.0|22.0|160.0|PUERTO BOYACA|4921|TRANSPORTE DE PASAJEROS|
3.0|131520.0|4.0|2.0|VILLA DE LEYVA|6910|ACTIVIDADES JURIDICAS|
91.0|20056800.0|22.0|241.0|PAIPA|0510|EXTRACCION DE HULLA (CARBON DE PIEDRA)|
18.0|4349300.0|29.0|57.0|TUNJA|0161|ACTIVIDADES DE APOYO A LA AGRICULTURA|
3.0|558960.0|0.0|5.0|SOGAMOSO|6190|OTRAS ACTIVIDADES DE TELECOMUNICACIONES|
3.0|197280.0|2.0|4.0|SANTAFE DE BOGOTA|4799|OTROS TIPOS DE COMERCIO AL POR MENOR NO REALIZADO EN ESTABLECIMIENTOS- PUESTOS DE VENTA O MERCADOS|
2.0|394560.0|5.0|9.0|SANTAFE DE BOGOTA|6020|ACTIVIDADES DE PROGRAMACION Y TRANSMISION DE TELEVISION|
113.0|3715440.0|103.0|13.0|DUITAMA|9700|ACTIVIDADES DE LOS HOGARES INDIVIDUALES COMO EMPLEADORES DE PERSONAL DOMESTICO|
2.0|32880.0|1.0|3.0|CHIQUINQUIRA|0000|NO DEFINIDA ACTIVIDAD ECONOMICA|
28.0|2071440.0|20.0|148.0|TUNJA|4322|INSTALACIONES DE FONTANERIA- CALEFACCION Y AIRE ACONDICIONADO|
7.0|230160.0|1.0|8.0|TUNJA|3312|MANTENIMIENTO Y REPARACION ESPECIALIZADO DE MAQUINARIA Y EQUIPO|
9.0|460320.0|6.0|13.0|SANTAFE DE BOGOTA|6190|OTRAS ACTIVIDADES DE TELECOMUNICACIONES|
29.0|3452400.0|98.0|48.0|DUITAMA|4773|COMERCIO AL POR MENOR DE PRODUCTOS FARMACEUTICOS Y MEDICINALES- COSMETICOS Y ARTICULOS DE TOCADOR EN ESTABLECIMIENTOS ESPECIALIZADOS|
1.0|0.0|0.0|0.0|NOBSA|4530|COMERCIO DE PARTES- PIEZAS (AUTOPARTES) Y ACCESORIOS (LUJOS) PARA VEHICULOS AUTOMOTORES|
2.0|32880.0|5.0|3.0|PUERTO BOYACA|4631|COMERCIO AL POR MAYOR DE PRODUCTOS ALIMENTICIOS|
18.0|1399340.0|13.0|42.0|SANTAFE DE BOGOTA|0150|EXPLOTACION MIXTA (AGRICOLA Y PECUARIA)|
3.0|32880.0|1.0|2.0|SOGAMOSO|4659|COMERCIO AL POR MAYOR DE OTROS TIPOS DE MAQUINARIA Y EQUIPO NCP|
1.0|0.0|0.0|6.0|GACHANTIVA|4390|OTRAS ACTIVIDADES ESPECIALIZADAS PARA LA CONSTRUCCION DE EDIFICIOS Y OBRAS DE INGENIERIA CIVIL|
2.0|131520.0|0.0|5.0|VILLAVICENCIO|8010|ACTIVIDADES DE SEGURIDAD PRIVADA|
3.0|328800.0|0.0|13.0|BELEN|4290|CONSTRUCCION DE OTRAS OBRAS DE INGENIERIA CIVIL|
2.0|113460.0|1.0|1.0|VILLA DE LEYVA|0129|OTROS CULTIVOS PERMANENTES NCP|
16.0|5129280.0|41.0|121.0|TUNJA|5320|ACTIVIDADES DE MENSAJERIA|
5.0|526080.0|14.0|15.0|TUNJA|3250|FABRICACION DE INSTRUMENTOS- APARATOS Y MATERIALES MEDICOS Y ODONTOLOGICOS (INCLUIDO MOBILIARIO)|
6.0|328800.0|3.0|9.0|MEDELLIN|7110|ACTIVIDADES DE ARQUITECTURA E INGENIERIA Y OTRAS ACTIVIDADES CONEXAS DE CONSULTORIA TECNICA|
1.0|295920.0|2.0|3.0|COMBITA|4661|COMERCIO AL POR MAYOR DE COMBUSTIBLES SOLIDOS- LIQUIDOS- GASEOSOS Y PRODUCTOS CONEXOS|
9.0|427440.0|4.0|12.0|PAIPA|3600|CAPTACION- TRATAMIENTO Y DISTRIBUCION DE AGUA|
22.0|2663280.0|49.0|70.0|SOGAMOSO|4663|COMERCIO AL POR MAYOR DE MATERIALES DE CONSTRUCCION- ARTICULOS DE FERRETERIA- PINTURAS- PRODUCTOS DE VIDRIO- EQUIPO Y MATERIALES DE FONTANERIA Y CALEFACCION|
33.0|2334480.0|25.0|81.0|SOGAMOSO|4520|MANTENIMIENTO Y REPARACION DE VEHICULOS AUTOMOTORES|
5.0|394560.0|4.0|13.0|TUNJA|5210|ALMACENAMIENTO Y DEPOSITO|
1.0|65760.0|0.0|2.0|FIRAVITOBA|7110|ACTIVIDADES DE ARQUITECTURA E INGENIERIA Y OTRAS ACTIVIDADES CONEXAS DE CONSULTORIA TECNICA|
15.0|1183680.0|48.0|15.0|TUNJA|8513|EDUCACION BASICA PRIMARIA|
1.0|0.0|0.0|0.0|SOGAMOSO|6209|OTRAS ACTIVIDADES DE TECNOLOGIAS DE INFORMACION Y ACTIVIDADES DE SERVICIOS INFORMATICOS|
127.0|16788000.0|335.0|306.0|TUNJA|9499|ACTIVIDADES DE OTRAS ASOCIACIONES NCP|
1.0|65760.0|1.0|0.0|PUERTO BOYACA|5310|ACTIVIDADES POSTALES NACIONALES|
1.0|0.0|0.0|0.0|PAEZ|8130|ACTIVIDADES DE PAISAJISMO Y SERVICIOS DE MANTENIMIENTO CONEXOS|
1.0|131520.0|1.0|0.0|PAIPA|7210|INVESTIGACIONES Y DESARROLLO EXPERIMENTAL EN EL CAMPO DE LAS CIENCIAS NATURALES Y LA INGENIERIA|
1.0|0.0|0.0|0.0|SAN MIGUEL DE SEMA|4290|CONSTRUCCION DE OTRAS OBRAS DE INGENIERIA CIVIL|
23.0|1446720.0|33.0|20.0|DUITAMA|9491|ACTIVIDADES DE ASOCIACIONES RELIGIOSAS|
1.0|0.0|0.0|0.0|PAIPA|9601|LAVADO Y LIMPIEZA- INCLUSO LA LIMPIEZA EN SECO- DE PRODUCTOS TEXTILES Y DE PIEL|
1.0|591840.0|0.0|1.0|PAIPA|4799|OTROS TIPOS DE COMERCIO AL POR MENOR NO REALIZADO EN ESTABLECIMIENTOS- PUESTOS DE VENTA O MERCADOS|
9.0|5030060.0|55.0|47.0|TUNJA|0113|CULTIVO DE HORTALIZAS- RAICES Y TUBERCULOS|
8.0|3255120.0|6.0|79.0|RAQUIRA|0510|EXTRACCION DE HULLA (CARBON DE PIEDRA)|
46.0|35411760.0|767.0|809.0|SANTAFE DE BOGOTA|7810|ACTIVIDADES DE AGENCIAS DE EMPLEO|
8.0|920640.0|0.0|15.0|CORRALES|4923|TRANSPORTE DE CARGA POR CARRETERA|
1.0|822000.0|5.0|9.0|COMBITA|8523|EDUCACION MEDIA TECNICA Y DE FORMACION LABORAL|
8.0|25514880.0|1727.0|1301.0|TUNJA|8411|ACTIVIDADES LEGISLATIVAS DE LA ADMINISTRACION PUBLICA|
1.0|1841280.0|1.0|47.0|SOATA|4921|TRANSPORTE DE PASAJEROS|
1.0|0.0|4.0|3.0|VILLA DE LEYVA|4722|COMERCIO AL POR MENOR DE LECHE- PRODUCTOS LACTEOS Y HUEVOS- EN ESTABLECIMIENTOS ESPECIALIZADOS|
10.0|789120.0|4.0|15.0|SAMACA|4520|MANTENIMIENTO Y REPARACION DE VEHICULOS AUTOMOTORES|
11.0|2860560.0|13.0|71.0|DUITAMA|2920|FABRICACION DE CARROCERIAS PARA VEHICULOS AUTOMOTORES- FABRICACION DE REMOLQUES Y SEMIRREMOLQUES|
1.0|151280.0|0.0|12.0|PUERTO BOYACA|0113|CULTIVO DE HORTALIZAS- RAICES Y TUBERCULOS|
10.0|2301600.0|39.0|45.0|TUNJA|1040|ELABORACION DE PRODUCTOS LACTEOS|
1.0|230160.0|3.0|1.0|SOCHA|1081|ELABORACION DE PRODUCTOS DE PANADERIA|
4.0|690480.0|6.0|17.0|DUITAMA|4512|COMERCIO DE VEHICULOS AUTOMOTORES USADOS|
1.0|0.0|0.0|0.0|MONIQUIRA|0081|PERSONAS NATURALES SIN ACTIVIDAD ECONOMICA|
10.0|2004460.0|9.0|42.0|DUITAMA|0145|CRIA DE AVES DE CORRAL|
5.0|1413840.0|8.0|70.0|PUERTO BOYACA|4210|CONSTRUCCION DE CARRETERAS Y VIAS DE FERROCARRIL|
12.0|230160.0|12.0|5.0|CHIQUINQUIRA|5611|EXPENDIO A LA MESA DE COMIDAS PREPARADAS|
41.0|3353760.0|58.0|78.0|SOGAMOSO|4752|COMERCIO AL POR MENOR DE ARTICULOS DE FERRETERIA- PINTURAS Y PRODUCTOS DE VIDRIO EN ESTABLECIMIENTOS ESPECIALIZADOS|
134.0|4340160.0|114.0|56.0|VILLA DE LEYVA|9700|ACTIVIDADES DE LOS HOGARES INDIVIDUALES COMO EMPLEADORES DE PERSONAL DOMESTICO|
2.0|0.0|2.0|3.0|SOGAMOSO|1104|ELABORACION DE BEBIDAS NO ALCOHOLICAS- PRODUCCION DE AGUAS MINERALES Y DE OTRAS AGUAS EMBOTELLADAS|
3.0|723360.0|19.0|13.0|SANTAFE DE BOGOTA|6522|SERVICIOS DE SEGUROS SOCIALES DE RIESGOS PROFESIONALES|
4.0|1446720.0|17.0|49.0|SOGAMOSO|4722|COMERCIO AL POR MENOR DE LECHE- PRODUCTOS LACTEOS Y HUEVOS- EN ESTABLECIMIENTOS ESPECIALIZADOS|
17.0|1117920.0|23.0|24.0|TUNJA|4761|COMERCIO AL POR MENOR DE LIBROS- PERIODICOS- MATERIALES Y ARTICULOS DE PAPELERIA Y ESCRITORIO- EN ESTABLECIMIENTOS ESPECIALIZADOS|
11.0|2071440.0|52.0|44.0|DUITAMA|4645|COMERCIO AL POR MAYOR DE PRODUCTOS FARMACEUTICOS- MEDICINALES- COSMETICOS Y DE TOCADOR|
40.0|3485280.0|89.0|96.0|TUNJA|7020|ACTIVIDADES DE CONSULTARIA DE GESTION|
2.0|65760.0|1.0|0.0|TIBASOSA|6920|ACTIVIDADES DE CONTABILIDAD- TENEDURIA DE LIBROS- AUDITORIA FINANCIERA Y ASESORIA TRIBUTARIA|
21.0|328800.0|16.0|3.0|TUNJA|0000|NO DEFINIDA ACTIVIDAD ECONOMICA|
25.0|35576160.0|202.0|944.0|SANTAFE DE BOGOTA|8110|ACTIVIDADES COMBINADAS DE APOYO A INSTALACIONES|
17.0|2498880.0|54.0|54.0|TUNJA|7490|OTRAS ACTIVIDADES PROFESIONALES- CIENTIFICAS Y TECNICAS NCP|
20.0|1216560.0|5.0|41.0|CHIQUINQUIRA|4923|TRANSPORTE DE CARGA POR CARRETERA|
1.0|0.0|0.0|0.0|VIRACACHA|6910|ACTIVIDADES JURIDICAS|
1.0|0.0|1.0|6.0|AQUITANIA|7110|ACTIVIDADES DE ARQUITECTURA E INGENIERIA Y OTRAS ACTIVIDADES CONEXAS DE CONSULTORIA TECNICA|
9.0|26797200.0|594.0|217.0|TUNJA|8430|ACTIVIDADES DE PLANES DE SEGURIDAD SOCIAL DE AFILIACION OBLIGATORIA|
2.0|65760.0|1.0|1.0|TUNJA|3313|MANTENIMIENTO Y REPARACION ESPECIALIZADO DE EQUIPO ELECTRONICO Y OPTICO|
13.0|1709760.0|25.0|56.0|TUNJA|4723|COMERCIO AL POR MENOR DE CARNES (INCLUYE AVES DE CORRAL)- PRODUCTOS CARNICOS- PESCADOS Y PRODUCTOS DE MAR- EN ESTABLECIMIENTOS ESPECIALIZADOS|
12.0|591840.0|12.0|13.0|SANTAFE DE BOGOTA|4631|COMERCIO AL POR MAYOR DE PRODUCTOS ALIMENTICIOS|
1.0|65760.0|0.0|13.0|TAURAMENA|4290|CONSTRUCCION DE OTRAS OBRAS DE INGENIERIA CIVIL|
59.0|28243920.0|561.0|390.0|TUNJA|4711|COMERCIO AL POR MENOR EN ESTABLECIMIENTOS NO ESPECIALIZADOS CON SURTIDO COMPUESTO PRINCIPALMENTE POR ALIMENTOS- BEBIDAS O TABACO|
3.0|0.0|21.0|7.0|SANTAFE DE BOGOTA|6120|ACTIVIDADES DE TELECOMUNICACIONES INALAMBRICAS|
9.0|28079520.0|138.0|1056.0|SANTAFE DE BOGOTA|0820|EXTRACCION DE ESMERALDAS- PIEDRAS PRECIOSAS Y SEMIPRECIOSAS|
3.0|460320.0|22.0|12.0|SANTAFE DE BOGOTA|4772|COMERCIO AL POR MENOR DE TODO TIPO DE CALZADO Y ARTICULOS DE CUERO Y SUCEDANEOS DEL CUERO EN ESTABLECIMIENTOS ESPECIALIZADOS|
16.0|20681520.0|733.0|255.0|TUNJA|8610|ACTIVIDADES DE HOSPITALES Y CLINICAS- CON INTERNACION|
1.0|0.0|0.0|0.0|LA ESTRELLA|4112|CONSTRUCCION DE EDIFICIOS NO RESIDENCIALES|
5.0|657600.0|9.0|6.0|TUNJA|7912|ACTIVIDADES DE OPERADORES TURISTICOS|
16.0|1972800.0|15.0|66.0|CHIQUINQUIRA|4752|COMERCIO AL POR MENOR DE ARTICULOS DE FERRETERIA- PINTURAS Y PRODUCTOS DE VIDRIO EN ESTABLECIMIENTOS ESPECIALIZADOS|
1.0|0.0|0.0|1.0|SOGAMOSO|2100|FABRICACION DE PRODUCTOS FARMACEUTICOS- SUSTANCIAS QUIMICAS MEDICINALES Y PRODUCTOS BOTANICOS DE USO FARMACEUTICO|
13.0|756240.0|5.0|21.0|SANTAFE DE BOGOTA|4664|COMERCIO AL POR MAYOR DE PRODUCTOS QUIMICOS BASICOS- CAUCHOS Y PLASTICOS EN FORMAS PRIMARIAS Y PRODUCTOS QUIMICOS DE USO AGROPECUARIO|
2.0|65760.0|0.0|5.0|SAMACA|3311|MANTENIMIENTO Y REPARACION ESPECIALIZADO DE PRODUCTOS ELABORADOS EN METAL|
12.0|822000.0|10.0|32.0|SANTAFE DE BOGOTA|6820|ACTIVIDADES INMOBILIARIAS REALIZADAS A CAMBIO DE UNA RETRIBUCION O POR CONTRATA|
15.0|2466000.0|35.0|57.0|DUITAMA|4663|COMERCIO AL POR MAYOR DE MATERIALES DE CONSTRUCCION- ARTICULOS DE FERRETERIA- PINTURAS- PRODUCTOS DE VIDRIO- EQUIPO Y MATERIALES DE FONTANERIA Y CALEFACCION|
1.0|0.0|0.0|0.0|CUBARA|4773|COMERCIO AL POR MENOR DE PRODUCTOS FARMACEUTICOS Y MEDICINALES- COSMETICOS Y ARTICULOS DE TOCADOR EN ESTABLECIMIENTOS ESPECIALIZADOS|
4.0|230160.0|1.0|10.0|CHIQUINQUIRA|4729|COMERCIO AL POR MENOR DE OTROS PRODUCTOS ALIMENTICIOS NCP- EN ESTABLECIMIENTOS ESPECIALIZADOS|
2.0|427440.0|7.0|3.0|VENTAQUEMADA|5613|EXPENDIO DE COMIDAS PREPARADAS EN CAFETERIAS|
1.0|0.0|0.0|1.0|YOPAL|4321|INSTALACIONES ELECTRICAS|
3.0|558960.0|7.0|13.0|TUTA|4711|COMERCIO AL POR MENOR EN ESTABLECIMIENTOS NO ESPECIALIZADOS CON SURTIDO COMPUESTO PRINCIPALMENTE POR ALIMENTOS- BEBIDAS O TABACO|
4.0|529480.0|3.0|6.0|TUNJA|0143|CRIA DE OVEJAS Y CABRAS|
16.0|1249440.0|26.0|20.0|VILLA DE LEYVA|9499|ACTIVIDADES DE OTRAS ASOCIACIONES NCP|
6.0|361680.0|16.0|4.0|VILLA DE LEYVA|5519|OTROS TIPOS DE ALOJAMIENTOS PARA VISITANTES|
1.0|0.0|0.0|0.0|EL ESPINO|8413|REGULACION DE LAS ACTIVIDADES DE ORGANISMOS QUE PRESTAN SERVICIOS DE SALUD- EDUCATIVOS- CULTURALES Y OTROS SERVICIOS SOCIALES- EXCEPTO SERVICIOS DE SEGURIDAD SOCIAL|
23.0|1644000.0|54.0|12.0|SOGAMOSO|8621|ACTIVIDADES DE LA PRACTICA MEDICA- SIN INTERNACION|
27.0|2367360.0|62.0|31.0|SOGAMOSO|4773|COMERCIO AL POR MENOR DE PRODUCTOS FARMACEUTICOS Y MEDICINALES- COSMETICOS Y ARTICULOS DE TOCADOR EN ESTABLECIMIENTOS ESPECIALIZADOS|
1.0|263040.0|8.0|4.0|COPER|8610|ACTIVIDADES DE HOSPITALES Y CLINICAS- CON INTERNACION|
4.0|263040.0|9.0|3.0|TUNJA|8521|EDUCACION BASICA SECUNDARIA|
2.0|0.0|2.0|1.0|AQUITANIA|8512|EDUCACION PREESCOLAR|
2.0|822000.0|3.0|23.0|MIRAFLORES|4210|CONSTRUCCION DE CARRETERAS Y VIAS DE FERROCARRIL|
13.0|2564640.0|141.0|12.0|CHIQUINQUIRA|9499|ACTIVIDADES DE OTRAS ASOCIACIONES NCP|
3.0|98640.0|3.0|1.0|CHIQUINQUIRA|8691|ACTIVIDADES DE APOYO DIAGNOSTICO|
2.0|558960.0|8.0|38.0|SOATA|3520|PRODUCCION DE GAS- DISTRIBUCION DE COMBUSTIBLES GASEOSOS POR TUBERIAS|
1.0|0.0|1.0|0.0|NOBSA|4759|COMERCIO AL POR MENOR DE OTROS ARTICULOS DOMESTICOS EN ESTABLECIMIENTOS ESPECIALIZADOS|
1.0|32880.0|0.0|1.0|SOGAMOSO|4781|COMERCIO AL POR MENOR DE ALIMENTOS- BEBIDAS Y TABACO- EN PUESTOS DE VENTA MOVILES|
5.0|1841280.0|21.0|49.0|TUNJA|1910|FABRICACION DE PRODUCTOS DE HORNOS DE COQUE|
1.0|131520.0|1.0|0.0|TOPAGA|3900|ACTIVIDADES DE SANEAMIENTO AMBIENTAL Y OTROS SERVICIOS DE GESTION DE DESECHOS|
3.0|1282320.0|30.0|55.0|PUERTO BOYACA|3600|CAPTACION- TRATAMIENTO Y DISTRIBUCION DE AGUA|
6.0|2071440.0|60.0|57.0|DUITAMA|6311|PROCESAMIENTO DE DATOS- ALOJAMIENTO (HOSTING) Y ACTIVIDADES RELACIONADAS|
1.0|197280.0|0.0|4.0|PAIPA|6492|ACTIVIDADES FINANCIERAS DE FONDOS DE EMPLEADOS Y OTRAS FORMAS ASOCIATIVAS DEL SECTOR SOLIDARIO|
3.0|361680.0|4.0|12.0|VILLA DE LEYVA|4731|COMERCIO AL POR MENOR DE COMBUSTIBLE PARA AUTOMOTORES|
1.0|0.0|0.0|1.0|SOGAMOSO|4753|COMERCIO AL POR MENOR DE TAPICES- ALFOMBRAS Y CUBRIMIENTOS PARA PAREDES Y PISOS EN ESTABLECIMIENTOS ESPECIALIZADOS|
34.0|20155440.0|467.0|406.0|DUITAMA|4711|COMERCIO AL POR MENOR EN ESTABLECIMIENTOS NO ESPECIALIZADOS CON SURTIDO COMPUESTO PRINCIPALMENTE POR ALIMENTOS- BEBIDAS O TABACO|
4.0|1841280.0|0.0|19.0|MONGUI|0510|EXTRACCION DE HULLA (CARBON DE PIEDRA)|
28.0|4077120.0|117.0|90.0|VILLA DE LEYVA|5511|ALOJAMIENTO EN HOTELES|
5.0|164400.0|0.0|3.0|YOPAL|4923|TRANSPORTE DE CARGA POR CARRETERA|
1.0|0.0|0.0|0.0|TOPAGA|1522|FABRICACION DE OTROS TIPOS DE CALZADO- EXCEPTO CALZADO DE CUERO Y PIEL|
3.0|0.0|0.0|1.0|PAIPA|0000|NO DEFINIDA ACTIVIDAD ECONOMICA|
1.0|131520.0|5.0|3.0|SOPO|1040|ELABORACION DE PRODUCTOS LACTEOS|
20.0|1775520.0|63.0|48.0|SOGAMOSO|5511|ALOJAMIENTO EN HOTELES|
7.0|65760.0|11.0|2.0|VILLA DE LEYVA|7110|ACTIVIDADES DE ARQUITECTURA E INGENIERIA Y OTRAS ACTIVIDADES CONEXAS DE CONSULTORIA TECNICA|
3.0|263040.0|10.0|3.0|VILLA DE LEYVA|7911|ACTIVIDADES DE LAS AGENCIAS DE VIAJE|
9.0|986400.0|12.0|61.0|DUITAMA|4220|CONSTRUCCION DE PROYECTOS DE SERVICIO PUBLICO|
49.0|4614040.0|17.0|289.0|PUERTO BOYACA|0141|CRIA DE GANADO BOVINO Y BUFALINO|
7.0|263040.0|13.0|5.0|DUITAMA|6621|ACTIVIDADES DE AGENTES Y CORREDORES DE SEGUROS|
1.0|0.0|0.0|0.0|CUCAITA|4923|TRANSPORTE DE CARGA POR CARRETERA|
45.0|16900320.0|46.0|565.0|TUNJA|0510|EXTRACCION DE HULLA (CARBON DE PIEDRA)|
1.0|32880.0|0.0|0.0|MEDELLIN|4290|CONSTRUCCION DE OTRAS OBRAS DE INGENIERIA CIVIL|
6.0|65760.0|5.0|6.0|SANTAFE DE BOGOTA|4610|COMERCIO AL POR MAYOR A CAMBIO DE UNA RETRIBUCION O POR CONTRATA|
10.0|1972800.0|54.0|57.0|TUNJA|6202|ACTIVIDADES DE CONSULTORIA INFORMATICA Y ACTIVIDADES DE ADMINISTRACION DE INSTALACIONES INFORMATICAS|
61.0|8252880.0|115.0|439.0|PUERTO BOYACA|4290|CONSTRUCCION DE OTRAS OBRAS DE INGENIERIA CIVIL|
1.0|493200.0|0.0|0.0|CHIQUINQUIRA|7820|ACTIVIDADES DE AGENCIAS DE EMPLEO TEMPORAL|
31.0|2400240.0|46.0|56.0|TUNJA|6820|ACTIVIDADES INMOBILIARIAS REALIZADAS A CAMBIO DE UNA RETRIBUCION O POR CONTRATA|
6.0|591840.0|3.0|30.0|SANTAFE DE BOGOTA|4330|TERMINACION Y ACABADO DE EDIFICIOS Y OBRAS DE INGENIERIA CIVIL|
20.0|2268720.0|55.0|8.0|TUNJA|8512|EDUCACION PREESCOLAR|
3.0|0.0|0.0|2.0|MEDELLIN|7490|OTRAS ACTIVIDADES PROFESIONALES- CIENTIFICAS Y TECNICAS NCP|
1.0|113460.0|0.0|3.0|MANIZALES|0144|CRIA DE GANADO PORCINO|
60.0|5063520.0|43.0|264.0|TUNJA|4210|CONSTRUCCION DE CARRETERAS Y VIAS DE FERROCARRIL|
7.0|3978480.0|63.0|99.0|DUITAMA|4669|COMERCIO AL POR MAYOR DE OTROS PRODUCTOS NCP|
37.0|5885520.0|105.0|135.0|TUNJA|4754|COMERCIO AL POR MENOR DE ELECTRODOMESTICOS Y GASODOMESTICOS DE USO DOMESTICO- MUEBLES Y EQUIPOS DE ILUMINACION|
8.0|295920.0|2.0|23.0|DUITAMA|7730|ALQUILER Y ARRENDAMIENTO DE OTROS TIPOS DE MAQUINARIA- EQUIPO Y BIENES TANGIBLES NCP|
1.0|0.0|0.0|0.0|TOCANCIPA|4210|CONSTRUCCION DE CARRETERAS Y VIAS DE FERROCARRIL|
8.0|4701840.0|111.0|52.0|SANTAFE DE BOGOTA|8699|OTRAS ACTIVIDADES DE ATENCION DE LA SALUD HUMANA|
13.0|1841280.0|1.0|37.0|PAIPA|4661|COMERCIO AL POR MAYOR DE COMBUSTIBLES SOLIDOS- LIQUIDOS- GASEOSOS Y PRODUCTOS CONEXOS|
2.0|131520.0|1.0|1.0|NOBSA|4663|COMERCIO AL POR MAYOR DE MATERIALES DE CONSTRUCCION- ARTICULOS DE FERRETERIA- PINTURAS- PRODUCTOS DE VIDRIO- EQUIPO Y MATERIALES DE FONTANERIA Y CALEFACCION|
1.0|0.0|0.0|0.0|SABOYA|9700|ACTIVIDADES DE LOS HOGARES INDIVIDUALES COMO EMPLEADORES DE PERSONAL DOMESTICO|
5.0|493200.0|6.0|14.0|SANTAFE DE BOGOTA|4731|COMERCIO AL POR MENOR DE COMBUSTIBLE PARA AUTOMOTORES|
10.0|1315200.0|21.0|50.0|SOGAMOSO|9511|MANTENIMIENTO Y REPARACION DE COMPUTADORES Y DE EQUIPO PERIFERICO|
5.0|65760.0|2.0|1.0|GUATEQUE|8622|ACTIVIDADES DE LA PRACTICA ODONTOLOGICA|
5.0|460320.0|8.0|8.0|TUNJA|4610|COMERCIO AL POR MAYOR A CAMBIO DE UNA RETRIBUCION O POR CONTRATA|
2.0|0.0|0.0|0.0|SAMACA|1610|ASERRADO- ACEPILLADO E IMPREGNACION DE LA MADERA|
28.0|8450160.0|73.0|211.0|TUNJA|4663|COMERCIO AL POR MAYOR DE MATERIALES DE CONSTRUCCION- ARTICULOS DE FERRETERIA- PINTURAS- PRODUCTOS DE VIDRIO- EQUIPO Y MATERIALES DE FONTANERIA Y CALEFACCION|
1.0|0.0|0.0|0.0|SAN LUIS DE GACENO|8530|ESTABLECIMIENTOS QUE COMBINAN DIFERENTES NIVELES DE EDUCACION|
9.0|3024960.0|14.0|124.0|SANTAFE DE BOGOTA|0510|EXTRACCION DE HULLA (CARBON DE PIEDRA)|
4.0|854880.0|13.0|14.0|CHIQUINQUIRA|9603|POMPAS FUNEBRES Y ACTIVIDADES RELACIONADAS|
1.0|0.0|0.0|0.0|VENTAQUEMADA|4722|COMERCIO AL POR MENOR DE LECHE- PRODUCTOS LACTEOS Y HUEVOS- EN ESTABLECIMIENTOS ESPECIALIZADOS|
60.0|67864320.0|330.0|2080.0|SAMACA|0510|EXTRACCION DE HULLA (CARBON DE PIEDRA)|
2.0|164400.0|1.0|0.0|BUCARAMANGA|4774|COMERCIO AL POR MENOR DE OTROS PRODUCTOS NUEVOS EN ESTABLECIMIENTOS ESPECIALIZADOS|
2.0|37820.0|2.0|6.0|SANTAFE DE BOGOTA|0121|CULTIVO DE FRUTAS TROPICALES Y SUBTROPICALES|
1.0|0.0|0.0|0.0|OICATA|8622|ACTIVIDADES DE LA PRACTICA ODONTOLOGICA|
1.0|0.0|0.0|0.0|SAMACA|4541|COMERCIO DE MOTOCICLETAS Y DE SUS PARTES- PIEZAS Y ACCESORIOS|
1.0|0.0|0.0|0.0|SUSACON|0020|PENSIONADOS|
26.0|42645360.0|112.0|1149.0|DUITAMA|4921|TRANSPORTE DE PASAJEROS|
9.0|642940.0|5.0|17.0|SOTAQUIRA|0141|CRIA DE GANADO BOVINO Y BUFALINO|
1.0|230160.0|0.0|2.0|MOTAVITA|0510|EXTRACCION DE HULLA (CARBON DE PIEDRA)|
6.0|1578240.0|2.0|73.0|SATIVANORTE|0510|EXTRACCION DE HULLA (CARBON DE PIEDRA)|
6.0|328800.0|0.0|10.0|FIRAVITOBA|4923|TRANSPORTE DE CARGA POR CARRETERA|
19.0|2959200.0|71.0|107.0|TUNJA|4774|COMERCIO AL POR MENOR DE OTROS PRODUCTOS NUEVOS EN ESTABLECIMIENTOS ESPECIALIZADOS|
1.0|32880.0|1.0|0.0|SOGAMOSO|5520|ACTIVIDADES DE ZONAS DE CAMPING Y PARQUES PARA VEHICULOS RECREACIONALES|
3.0|723360.0|22.0|2.0|MEDELLIN|2023|FABRICACION DE JABONES Y DETERGENTES- PREPARADOS PARA LIMPIAR Y PULIR- PERFUMES Y PREPARADOS DE TOCADOR|
2.0|657600.0|2.0|14.0|NOBSA|5224|MANIPULACION DE CARGA|
7.0|6970560.0|131.0|154.0|TUNJA|4511|COMERCIO DE VEHICULOS AUTOMOTORES NUEVOS|
2.0|427440.0|8.0|11.0|MEDELLIN|6910|ACTIVIDADES JURIDICAS|
1.0|197280.0|4.0|6.0|SUTAMARCHAN|6613|OTRAS ACTIVIDADES RELACIONADAS CON EL MERCADO DE VALORES|
3.0|32880.0|3.0|0.0|TUNJA|7320|ESTUDIOS DE MERCADO Y REALIZACION DE ENCUESTAS DE OPINION PUBLICA|
3.0|113460.0|2.0|10.0|SAN MIGUEL DE SEMA|0150|EXPLOTACION MIXTA (AGRICOLA Y PECUARIA)|
44.0|2466000.0|26.0|158.0|TUNJA|4112|CONSTRUCCION DE EDIFICIOS NO RESIDENCIALES|
1.0|32880.0|0.0|0.0|GIRON|2511|FABRICACION DE PRODUCTOS METALICOS PARA USO ESTRUCTURAL|
47.0|4142880.0|180.0|45.0|TUNJA|4771|COMERCIO AL POR MENOR DE PRENDAS DE VESTIR Y SUS ACCESORIOS (INCLUYE ARTICULOS DE PIEL) EN ESTABLECIMIENTOS ESPECIALIZADOS|
18.0|1709760.0|32.0|42.0|SANTAFE DE BOGOTA|7020|ACTIVIDADES DE CONSULTARIA DE GESTION|
15.0|1939920.0|14.0|57.0|PAIPA|4111|CONSTRUCCION DE EDIFICIOS RESIDENCIALES|
11.0|164400.0|3.0|7.0|GUATEQUE|9700|ACTIVIDADES DE LOS HOGARES INDIVIDUALES COMO EMPLEADORES DE PERSONAL DOMESTICO|
3.0|131520.0|0.0|3.0|SANTAFE DE BOGOTA|7500|ACTIVIDADES VETERINARIAS|
161.0|11409360.0|169.0|488.0|TUNJA|7110|ACTIVIDADES DE ARQUITECTURA E INGENIERIA Y OTRAS ACTIVIDADES CONEXAS DE CONSULTORIA TECNICA|
1.0|0.0|1.0|2.0|CERINZA|1702|FABRICACION DE PAPEL Y CARTON ONDULADO (CORRUGADO)- FABRICACION DE ENVASES- EMPAQUES Y DE EMBALAJES DE PAPEL Y CARTON|
6.0|1085040.0|13.0|36.0|CHIQUINQUIRA|4631|COMERCIO AL POR MAYOR DE PRODUCTOS ALIMENTICIOS|
6.0|822000.0|19.0|13.0|TUNJA|6492|ACTIVIDADES FINANCIERAS DE FONDOS DE EMPLEADOS Y OTRAS FORMAS ASOCIATIVAS DEL SECTOR SOLIDARIO|
5.0|0.0|2.0|7.0|MEDELLIN|6201|ACTIVIDADES DE DESARROLLO DE SISTEMAS INFORMATICOS (PLANIFICACION- ANALISIS- DISEÑ- PROGRAMACION- PRUEBAS)|
3.0|65760.0|1.0|4.0|SANTAFE DE BOGOTA|0081|PERSONAS NATURALES SIN ACTIVIDAD ECONOMICA|
2.0|32880.0|2.0|0.0|TUNJA|8560|ACTIVIDADES DE APOYO A LA EDUCACION|
3.0|32880.0|1.0|1.0|MONIQUIRA|7110|ACTIVIDADES DE ARQUITECTURA E INGENIERIA Y OTRAS ACTIVIDADES CONEXAS DE CONSULTORIA TECNICA|
1.0|0.0|0.0|0.0|PUERTO BOYACA|1020|PROCESAMIENTO Y CONSERVACION DE FRUTAS- LEGUMBRES- HORTALIZAS Y TUBERCULOS|
3.0|0.0|2.0|10.0|SANTAFE DE BOGOTA|7120|ENSAYOS Y ANALISIS TECNICOS|
20.0|690480.0|8.0|39.0|TUNJA|4220|CONSTRUCCION DE PROYECTOS DE SERVICIO PUBLICO|
3.0|394560.0|4.0|3.0|RAQUIRA|3600|CAPTACION- TRATAMIENTO Y DISTRIBUCION DE AGUA|
23.0|822000.0|61.0|62.0|VILLA DE LEYVA|5611|EXPENDIO A LA MESA DE COMIDAS PREPARADAS|
14.0|822000.0|16.0|74.0|SANTAFE DE BOGOTA|7830|OTRAS ACTIVIDADES DE SUMINISTRO DE RECURSO HUMANO|
44.0|5227920.0|36.0|241.0|SOGAMOSO|4111|CONSTRUCCION DE EDIFICIOS RESIDENCIALES|
1.0|32880.0|1.0|0.0|FLORIDABLANCA|1522|FABRICACION DE OTROS TIPOS DE CALZADO- EXCEPTO CALZADO DE CUERO Y PIEL|
43.0|6411600.0|20.0|174.0|SANTAFE DE BOGOTA|4923|TRANSPORTE DE CARGA POR CARRETERA|
30.0|4603200.0|77.0|119.0|TUNJA|4719|COMERCIO AL POR MENOR EN ESTABLECIMIENTOS NO ESPECIALIZADOS- CON SURTIDO COMPUESTO PRINCIPALMENTE POR PRODUCTOS DIFERENTES DE ALIMENTOS (VIVERES EN GENERAL)- BEBIDAS Y TABACO|
3.0|65760.0|1.0|0.0|GUATEQUE|8299|OTRAS ACTIVIDADES DE SERVICIO DE APOYO A LAS EMPRESAS NCP|
6.0|361680.0|7.0|6.0|TUNJA|5630|EXPENDIO DE BEBIDAS ALCOHOLICAS PARA EL CONSUMO DENTRO DEL ESTABLECIMIENTO|
2.0|32880.0|5.0|0.0|CALI|7010|ACTIVIDADES DE ADMINISTRACION EMPRESARIAL|
14.0|4044240.0|69.0|134.0|DUITAMA|4631|COMERCIO AL POR MAYOR DE PRODUCTOS ALIMENTICIOS|
5.0|3419520.0|114.0|46.0|SANTAFE DE BOGOTA|8692|ACTIVIDADES DE APOYO TERAPEUTICO|
18.0|854880.0|30.0|16.0|DUITAMA|4771|COMERCIO AL POR MENOR DE PRENDAS DE VESTIR Y SUS ACCESORIOS (INCLUYE ARTICULOS DE PIEL) EN ESTABLECIMIENTOS ESPECIALIZADOS|
9.0|624720.0|7.0|26.0|CHIQUINQUIRA|4663|COMERCIO AL POR MAYOR DE MATERIALES DE CONSTRUCCION- ARTICULOS DE FERRETERIA- PINTURAS- PRODUCTOS DE VIDRIO- EQUIPO Y MATERIALES DE FONTANERIA Y CALEFACCION|
3.0|361680.0|2.0|11.0|TUNJA|1610|ASERRADO- ACEPILLADO E IMPREGNACION DE LA MADERA|
14.0|4340160.0|26.0|145.0|SOGAMOSO|2511|FABRICACION DE PRODUCTOS METALICOS PARA USO ESTRUCTURAL|
1.0|0.0|0.0|1.0|VILLA DE LEYVA|2599|FABRICACION DE OTROS PRODUCTOS ELABORADOS DE METAL NCP|
16.0|1150800.0|31.0|28.0|SANTAFE DE BOGOTA|6202|ACTIVIDADES DE CONSULTORIA INFORMATICA Y ACTIVIDADES DE ADMINISTRACION DE INSTALACIONES INFORMATICAS|
11.0|591840.0|13.0|21.0|DUITAMA|4659|COMERCIO AL POR MAYOR DE OTROS TIPOS DE MAQUINARIA Y EQUIPO NCP|
1.0|0.0|0.0|0.0|CUBARA|7110|ACTIVIDADES DE ARQUITECTURA E INGENIERIA Y OTRAS ACTIVIDADES CONEXAS DE CONSULTORIA TECNICA|
4.0|0.0|3.0|53.0|QUIPAMA|0820|EXTRACCION DE ESMERALDAS- PIEDRAS PRECIOSAS Y SEMIPRECIOSAS|
14.0|91695480.0|2649.0|1187.0|TUNJA|8413|REGULACION DE LAS ACTIVIDADES DE ORGANISMOS QUE PRESTAN SERVICIOS DE SALUD- EDUCATIVOS- CULTURALES Y OTROS SERVICIOS SOCIALES- EXCEPTO SERVICIOS DE SEGURIDAD SOCIAL|
1.0|0.0|0.0|0.0|BOYACA|0113|CULTIVO DE HORTALIZAS- RAICES Y TUBERCULOS|
2.0|0.0|0.0|2.0|PAIPA|4520|MANTENIMIENTO Y REPARACION DE VEHICULOS AUTOMOTORES|
1.0|65760.0|1.0|0.0|FLORIDABLANCA|1082|ELABORACION DE CACAO- CHOCOLATE Y PRODUCTOS DE CONFITERIA|
33.0|5975560.0|36.0|116.0|SANTAFE DE BOGOTA|0141|CRIA DE GANADO BOVINO Y BUFALINO|
1.0|0.0|0.0|0.0|SUTAMARCHAN|0121|CULTIVO DE FRUTAS TROPICALES Y SUBTROPICALES|
1.0|0.0|0.0|0.0|CHIVATA|4752|COMERCIO AL POR MENOR DE ARTICULOS DE FERRETERIA- PINTURAS Y PRODUCTOS DE VIDRIO EN ESTABLECIMIENTOS ESPECIALIZADOS|
2.0|0.0|1.0|0.0|VILLA DE LEYVA|5613|EXPENDIO DE COMIDAS PREPARADAS EN CAFETERIAS|
3.0|197280.0|4.0|11.0|SOTAQUIRA|4923|TRANSPORTE DE CARGA POR CARRETERA|
16.0|1550620.0|11.0|30.0|PAIPA|0141|CRIA DE GANADO BOVINO Y BUFALINO|
4.0|394560.0|5.0|19.0|DUITAMA|4664|COMERCIO AL POR MAYOR DE PRODUCTOS QUIMICOS BASICOS- CAUCHOS Y PLASTICOS EN FORMAS PRIMARIAS Y PRODUCTOS QUIMICOS DE USO AGROPECUARIO|
6.0|361680.0|8.0|9.0|PUERTO BOYACA|6910|ACTIVIDADES JURIDICAS|
17.0|8022720.0|233.0|48.0|DUITAMA|8692|ACTIVIDADES DE APOYO TERAPEUTICO|
4.0|197280.0|5.0|0.0|MEDELLIN|1410|CONFECCION DE PRENDAS DE VESTIR- EXCEPTO PRENDAS DE PIEL|
13.0|7595280.0|81.0|166.0|TUNJA|3600|CAPTACION- TRATAMIENTO Y DISTRIBUCION DE AGUA|
4.0|394560.0|7.0|5.0|TUNJA|9319|OTRAS ACTIVIDADES DEPORTIVAS|
1.0|0.0|0.0|0.0|SARAVENA|4290|CONSTRUCCION DE OTRAS OBRAS DE INGENIERIA CIVIL|
42.0|20780160.0|17.0|587.0|SOCHA|0510|EXTRACCION DE HULLA (CARBON DE PIEDRA)|
1.0|0.0|0.0|0.0|SANTAFE DE BOGOTA|3830|RECUPERACION DE MATERIALES|
2.0|32880.0|1.0|1.0|PUERTO BOYACA|5619|OTROS TIPOS DE EXPENDIO DE COMIDAS PREPARADAS NCP|
1.0|37820.0|0.0|3.0|MONIQUIRA|0141|CRIA DE GANADO BOVINO Y BUFALINO|
3.0|32880.0|2.0|5.0|VENTAQUEMADA|9499|ACTIVIDADES DE OTRAS ASOCIACIONES NCP|
5.0|302560.0|7.0|9.0|PAIPA|0149|CRIA DE OTROS ANIMALES NCP|
1.0|558960.0|22.0|11.0|SOGAMOSO|6412|BANCOS COMERCIALES|
1.0|460320.0|5.0|19.0|SANTA MARIA|8211|ACTIVIDADES COMBINADAS DE SERVICIOS ADMINISTRATIVOS DE OFICINA|
3.0|460320.0|5.0|10.0|BERBEO|8411|ACTIVIDADES LEGISLATIVAS DE LA ADMINISTRACION PUBLICA|
4.0|3814080.0|109.0|42.0|TUNJA|6424|ACTIVIDADES DE LAS COOPERATIVAS FINANCIERAS|
2.0|558960.0|1.0|14.0|PAIPA|6020|ACTIVIDADES DE PROGRAMACION Y TRANSMISION DE TELEVISION|
3.0|263040.0|0.0|10.0|PUERTO BOYACA|4620|COMERCIO AL POR MAYOR DE MATERIAS PRIMAS AGROPECUARIAS- ANIMALES VIVOS|
4.0|98640.0|0.0|8.0|SOGAMOSO|1610|ASERRADO- ACEPILLADO E IMPREGNACION DE LA MADERA|
1.0|32880.0|1.0|0.0|MEDELLIN|4111|CONSTRUCCION DE EDIFICIOS RESIDENCIALES|
19.0|3518160.0|73.0|72.0|SANTAFE DE BOGOTA|4620|COMERCIO AL POR MAYOR DE MATERIAS PRIMAS AGROPECUARIAS- ANIMALES VIVOS|
1.0|75640.0|1.0|3.0|SUTATENZA|0145|CRIA DE AVES DE CORRAL|
7.0|3748320.0|64.0|69.0|DUITAMA|4649|COMERCIO AL POR MAYOR DE OTROS UTENSILIOS DOMESTICOS NCP|
1.0|0.0|0.0|0.0|SABOYA|4210|CONSTRUCCION DE CARRETERAS Y VIAS DE FERROCARRIL|
31.0|7535040.0|583.0|145.0|TUNJA|8699|OTRAS ACTIVIDADES DE ATENCION DE LA SALUD HUMANA|
8.0|3320880.0|20.0|143.0|SOGAMOSO|8010|ACTIVIDADES DE SEGURIDAD PRIVADA|
1.0|263040.0|1.0|4.0|RAMIRIQUI|4632|COMERCIO AL POR MAYOR DE BEBIDAS Y TABACO|
1.0|197280.0|1.0|2.0|VENTAQUEMADA|4732|COMERCIO AL POR MENOR DE LUBRICANTES (ACEITES- GRASAS)- ADITIVOS Y PRODUCTOS DE LIMPIEZA PARA VEHICULOS AUTOMOTORES|
2.0|0.0|3.0|2.0|TUNJA|2012|FABRICACION DE ABONOS Y COMPUESTOS INORGANICOS NITROGENADOS|
11.0|1085040.0|34.0|17.0|SOGAMOSO|5613|EXPENDIO DE COMIDAS PREPARADAS EN CAFETERIAS|
2.0|131520.0|1.0|7.0|SOGAMOSO|0891|EXTRACCION DE MINERALES PARA LA FABRICACION DE ABONOS Y PRODUCTOS QUIMICOS|
10.0|2564640.0|3.0|62.0|CORRALES|0510|EXTRACCION DE HULLA (CARBON DE PIEDRA)|
55.0|5885520.0|109.0|128.0|DUITAMA|4752|COMERCIO AL POR MENOR DE ARTICULOS DE FERRETERIA- PINTURAS Y PRODUCTOS DE VIDRIO EN ESTABLECIMIENTOS ESPECIALIZADOS|
1.0|0.0|0.0|1.0|LA VIRGINIA|3312|MANTENIMIENTO Y REPARACION ESPECIALIZADO DE MAQUINARIA Y EQUIPO|
16.0|887760.0|43.0|9.0|SOGAMOSO|6910|ACTIVIDADES JURIDICAS|
34.0|13612320.0|34.0|388.0|SANTAFE DE BOGOTA|8010|ACTIVIDADES DE SEGURIDAD PRIVADA|
11.0|493200.0|15.0|14.0|TUNJA|1811|ACTIVIDADES DE IMPRESION|
5.0|782280.0|14.0|6.0|TUNJA|5229|OTRAS ACTIVIDADES COMPLEMENTARIAS AL TRANSPORTE|
3.0|0.0|1.0|0.0|CALI|6810|ACTIVIDADES INMOBILIARIAS REALIZADAS CON BIENES PROPIOS O ARRENDADOS|
1.0|75640.0|0.0|2.0|MANIZALES|0143|CRIA DE OVEJAS Y CABRAS|
7.0|361680.0|8.0|18.0|SOGAMOSO|6201|ACTIVIDADES DE DESARROLLO DE SISTEMAS INFORMATICOS (PLANIFICACION- ANALISIS- DISEÑ- PROGRAMACION- PRUEBAS)|
1.0|0.0|0.0|0.0|CAJICA|6810|ACTIVIDADES INMOBILIARIAS REALIZADAS CON BIENES PROPIOS O ARRENDADOS|
42.0|3583920.0|122.0|110.0|DUITAMA|5611|EXPENDIO A LA MESA DE COMIDAS PREPARADAS|
106.0|20089680.0|178.0|1110.0|SOGAMOSO|4290|CONSTRUCCION DE OTRAS OBRAS DE INGENIERIA CIVIL|
18.0|1150800.0|19.0|24.0|TUNJA|7500|ACTIVIDADES VETERINARIAS|
8.0|1808400.0|4.0|57.0|TUNJA|2392|FABRICACION DE MATERIALES DE ARCILLA PARA LA CONSTRUCCION|
1.0|0.0|0.0|2.0|SOGAMOSO|3314|MANTENIMIENTO Y REPARACION ESPECIALIZADO DE EQUIPO ELECTRICO|
1.0|0.0|0.0|0.0|SANTAFE DE BOGOTA|5911|ACTIVIDADES DE PRODUCCION DE PELICULAS CINEMATOGRAFICAS- VIDEOS- PROGRAMAS- ANUNCIOS Y COMERCIALES DE TELEVISION|
6.0|7661040.0|221.0|109.0|TUNJA|7820|ACTIVIDADES DE AGENCIAS DE EMPLEO TEMPORAL|
13.0|1742640.0|75.0|28.0|TUNJA|5619|OTROS TIPOS DE EXPENDIO DE COMIDAS PREPARADAS NCP|
12.0|5162160.0|21.0|164.0|SANTAFE DE BOGOTA|4210|CONSTRUCCION DE CARRETERAS Y VIAS DE FERROCARRIL|
9.0|98640.0|2.0|5.0|SOGAMOSO|7490|OTRAS ACTIVIDADES PROFESIONALES- CIENTIFICAS Y TECNICAS NCP|
5.0|32880.0|1.0|20.0|VILLA DE LEYVA|4290|CONSTRUCCION DE OTRAS OBRAS DE INGENIERIA CIVIL|
10.0|526080.0|7.0|22.0|TUNJA|4659|COMERCIO AL POR MAYOR DE OTROS TIPOS DE MAQUINARIA Y EQUIPO NCP|
25.0|5852640.0|50.0|149.0|TUNJA|4731|COMERCIO AL POR MENOR DE COMBUSTIBLE PARA AUTOMOTORES|
6.0|558960.0|10.0|10.0|PUERTO BOYACA|4541|COMERCIO DE MOTOCICLETAS Y DE SUS PARTES- PIEZAS Y ACCESORIOS|
3.0|98640.0|0.0|10.0|SANTAFE DE BOGOTA|3600|CAPTACION- TRATAMIENTO Y DISTRIBUCION DE AGUA|
2.0|0.0|1.0|0.0|MEDELLIN|1511|CURTIDO Y RECURTIDO DE CUEROS- RECURTIDO Y TEÑDO DE PIELES|
13.0|690480.0|6.0|29.0|SANTAFE DE BOGOTA|8299|OTRAS ACTIVIDADES DE SERVICIO DE APOYO A LAS EMPRESAS NCP|
1.0|0.0|0.0|2.0|ZIPAQUIRA|0129|OTROS CULTIVOS PERMANENTES NCP|
3.0|32880.0|0.0|2.0|DUITAMA|6202|ACTIVIDADES DE CONSULTORIA INFORMATICA Y ACTIVIDADES DE ADMINISTRACION DE INSTALACIONES INFORMATICAS|
6.0|624720.0|3.0|26.0|GUATEQUE|4923|TRANSPORTE DE CARGA POR CARRETERA|
19.0|1249440.0|43.0|19.0|TUNJA|4751|COMERCIO AL POR MENOR DE PRODUCTOS TEXTILES EN ESTABLECIMIENTOS ESPECIALIZADOS|
1.0|98640.0|2.0|6.0|MIRAFLORES|4731|COMERCIO AL POR MENOR DE COMBUSTIBLE PARA AUTOMOTORES|
1.0|65760.0|2.0|1.0|GUATEQUE|6920|ACTIVIDADES DE CONTABILIDAD- TENEDURIA DE LIBROS- AUDITORIA FINANCIERA Y ASESORIA TRIBUTARIA|
33.0|44026320.0|246.0|1259.0|TUNJA|8110|ACTIVIDADES COMBINADAS DE APOYO A INSTALACIONES|
13.0|2170080.0|23.0|50.0|PUERTO BOYACA|4752|COMERCIO AL POR MENOR DE ARTICULOS DE FERRETERIA- PINTURAS Y PRODUCTOS DE VIDRIO EN ESTABLECIMIENTOS ESPECIALIZADOS|
1.0|0.0|0.0|0.0|MUZO|4663|COMERCIO AL POR MAYOR DE MATERIALES DE CONSTRUCCION- ARTICULOS DE FERRETERIA- PINTURAS- PRODUCTOS DE VIDRIO- EQUIPO Y MATERIALES DE FONTANERIA Y CALEFACCION|
2.0|0.0|2.0|3.0|RAMIRIQUI|9491|ACTIVIDADES DE ASOCIACIONES RELIGIOSAS|
4.0|723360.0|11.0|3.0|GUAYATA|9499|ACTIVIDADES DE OTRAS ASOCIACIONES NCP|
8.0|5359440.0|48.0|167.0|SOGAMOSO|4669|COMERCIO AL POR MAYOR DE OTROS PRODUCTOS NCP|
7.0|263040.0|12.0|21.0|TUNJA|4762|COMERCIO AL POR MENOR DE ARTICULOS DEPORTIVOS- EN ESTABLECIMIENTOS ESPECIALIZADOS|
1.0|197280.0|4.0|2.0|TIBASOSA|9499|ACTIVIDADES DE OTRAS ASOCIACIONES NCP|
48.0|3945600.0|36.0|138.0|DUITAMA|4520|MANTENIMIENTO Y REPARACION DE VEHICULOS AUTOMOTORES|
2.0|0.0|1.0|1.0|TUNJA|8553|ENSEÑNZA CULTURAL|
6.0|690480.0|8.0|20.0|SANTAFE DE BOGOTA|4530|COMERCIO DE PARTES- PIEZAS (AUTOPARTES) Y ACCESORIOS (LUJOS) PARA VEHICULOS AUTOMOTORES|
11.0|394560.0|16.0|6.0|SOGAMOSO|1410|CONFECCION DE PRENDAS DE VESTIR- EXCEPTO PRENDAS DE PIEL|
9.0|558960.0|9.0|14.0|DUITAMA|8559|OTROS TIPOS DE EDUCACION NCP|
4.0|328800.0|2.0|23.0|TUNJA|4311|DEMOLICION|
105.0|13217760.0|107.0|484.0|TUNJA|4111|CONSTRUCCION DE EDIFICIOS RESIDENCIALES|
37.0|2433120.0|25.0|96.0|TUNJA|4520|MANTENIMIENTO Y REPARACION DE VEHICULOS AUTOMOTORES|
3.0|65760.0|4.0|0.0|SANTAFE DE BOGOTA|8211|ACTIVIDADES COMBINADAS DE SERVICIOS ADMINISTRATIVOS DE OFICINA|
3.0|131520.0|1.0|4.0|BELEN|4752|COMERCIO AL POR MENOR DE ARTICULOS DE FERRETERIA- PINTURAS Y PRODUCTOS DE VIDRIO EN ESTABLECIMIENTOS ESPECIALIZADOS|
4.0|8285760.0|30.0|401.0|GUATEQUE|4290|CONSTRUCCION DE OTRAS OBRAS DE INGENIERIA CIVIL|
1.0|32880.0|1.0|2.0|CHITARAQUE|5611|EXPENDIO A LA MESA DE COMIDAS PREPARADAS|
1.0|0.0|0.0|0.0|BUCARAMANGA|4321|INSTALACIONES ELECTRICAS|
1.0|591840.0|0.0|0.0|SORACA|4631|COMERCIO AL POR MAYOR DE PRODUCTOS ALIMENTICIOS|
11.0|1413840.0|5.0|38.0|BOAVITA|0510|EXTRACCION DE HULLA (CARBON DE PIEDRA)|
4.0|328800.0|6.0|38.0|TIBASOSA|4290|CONSTRUCCION DE OTRAS OBRAS DE INGENIERIA CIVIL|
5.0|264740.0|0.0|21.0|MANIZALES|0141|CRIA DE GANADO BOVINO Y BUFALINO|
1.0|0.0|0.0|0.0|BUCARAMANGA|4390|OTRAS ACTIVIDADES ESPECIALIZADAS PARA LA CONSTRUCCION DE EDIFICIOS Y OBRAS DE INGENIERIA CIVIL|
17.0|2926320.0|9.0|105.0|DUITAMA|4321|INSTALACIONES ELECTRICAS|
14.0|1021140.0|8.0|28.0|CHIQUINQUIRA|0161|ACTIVIDADES DE APOYO A LA AGRICULTURA|
11.0|854880.0|7.0|23.0|CHIQUINQUIRA|4112|CONSTRUCCION DE EDIFICIOS NO RESIDENCIALES|
1.0|0.0|0.0|0.0|MEDELLIN|4762|COMERCIO AL POR MENOR DE ARTICULOS DEPORTIVOS- EN ESTABLECIMIENTOS ESPECIALIZADOS|
5.0|98640.0|8.0|3.0|SANTAFE DE BOGOTA|6920|ACTIVIDADES DE CONTABILIDAD- TENEDURIA DE LIBROS- AUDITORIA FINANCIERA Y ASESORIA TRIBUTARIA|
11.0|1611120.0|15.0|43.0|DUITAMA|4799|OTROS TIPOS DE COMERCIO AL POR MENOR NO REALIZADO EN ESTABLECIMIENTOS- PUESTOS DE VENTA O MERCADOS|
4.0|131520.0|2.0|0.0|TUNJA|0081|PERSONAS NATURALES SIN ACTIVIDAD ECONOMICA|
9.0|32880.0|4.0|8.0|TUNJA|4759|COMERCIO AL POR MENOR DE OTROS ARTICULOS DOMESTICOS EN ESTABLECIMIENTOS ESPECIALIZADOS|
1.0|98640.0|1.0|0.0|MONIQUIRA|6621|ACTIVIDADES DE AGENTES Y CORREDORES DE SEGUROS|
20.0|1676880.0|44.0|44.0|SOGAMOSO|1081|ELABORACION DE PRODUCTOS DE PANADERIA|
1.0|0.0|0.0|0.0|PAEZ|4923|TRANSPORTE DE CARGA POR CARRETERA|
9.0|394560.0|4.0|28.0|SOGAMOSO|4321|INSTALACIONES ELECTRICAS|
13.0|789120.0|7.0|17.0|VILLA DE LEYVA|6810|ACTIVIDADES INMOBILIARIAS REALIZADAS CON BIENES PROPIOS O ARRENDADOS|
6.0|263040.0|9.0|17.0|SOGAMOSO|1011|PROCESAMIENTO Y CONSERVACION DE CARNE Y PRODUCTOS CARNICOS|
6.0|657600.0|5.0|13.0|TUNJA|4732|COMERCIO AL POR MENOR DE LUBRICANTES (ACEITES- GRASAS)- ADITIVOS Y PRODUCTOS DE LIMPIEZA PARA VEHICULOS AUTOMOTORES|
9.0|822000.0|15.0|23.0|TUNJA|5221|ACTIVIDADES DE ESTACIONES- VIAS Y SERVICIOS COMPLEMENTARIOS PARA EL TRANSPORTE TERRESTRE|
3.0|887760.0|17.0|4.0|BUCARAMANGA|4645|COMERCIO AL POR MAYOR DE PRODUCTOS FARMACEUTICOS- MEDICINALES- COSMETICOS Y DE TOCADOR|
105.0|9206400.0|117.0|517.0|DUITAMA|7110|ACTIVIDADES DE ARQUITECTURA E INGENIERIA Y OTRAS ACTIVIDADES CONEXAS DE CONSULTORIA TECNICA|
4.0|32880.0|7.0|5.0|CHIQUINQUIRA|4772|COMERCIO AL POR MENOR DE TODO TIPO DE CALZADO Y ARTICULOS DE CUERO Y SUCEDANEOS DEL CUERO EN ESTABLECIMIENTOS ESPECIALIZADOS|
1.0|0.0|0.0|2.0|GARAGOA|0220|EXTRACCION DE MADERA|
34.0|1907040.0|62.0|35.0|TUNJA|5511|ALOJAMIENTO EN HOTELES|
1.0|0.0|0.0|2.0|SACHICA|4732|COMERCIO AL POR MENOR DE LUBRICANTES (ACEITES- GRASAS)- ADITIVOS Y PRODUCTOS DE LIMPIEZA PARA VEHICULOS AUTOMOTORES|
1.0|0.0|0.0|2.0|SANTA ROSA DE VITERBO|7110|ACTIVIDADES DE ARQUITECTURA E INGENIERIA Y OTRAS ACTIVIDADES CONEXAS DE CONSULTORIA TECNICA|
1.0|0.0|0.0|1.0|VILLETA|4771|COMERCIO AL POR MENOR DE PRENDAS DE VESTIR Y SUS ACCESORIOS (INCLUYE ARTICULOS DE PIEL) EN ESTABLECIMIENTOS ESPECIALIZADOS|
9.0|1907040.0|9.0|61.0|TUNJA|4661|COMERCIO AL POR MAYOR DE COMBUSTIBLES SOLIDOS- LIQUIDOS- GASEOSOS Y PRODUCTOS CONEXOS|
1.0|0.0|0.0|0.0|TUNJA|3240|FABRICACION DE JUEGOS- JUGUETES Y ROMPECABEZAS|
8.0|98640.0|6.0|1.0|TUNJA|9602|PELUQUERIA Y OTROS TRATAMIENTOS DE BELLEZA|
1.0|0.0|0.0|0.0|GIRON|1090|ELABORACION DE ALIMENTOS PREPARADOS PARA ANIMALES|
1.0|0.0|0.0|0.0|MOTAVITA|9700|ACTIVIDADES DE LOS HOGARES INDIVIDUALES COMO EMPLEADORES DE PERSONAL DOMESTICO|
52.0|3846960.0|8.0|118.0|SAMACA|4923|TRANSPORTE DE CARGA POR CARRETERA|
1.0|0.0|0.0|0.0|GARAGOA|3900|ACTIVIDADES DE SANEAMIENTO AMBIENTAL Y OTROS SERVICIOS DE GESTION DE DESECHOS|
2.0|953520.0|7.0|39.0|SOGAMOSO|4610|COMERCIO AL POR MAYOR A CAMBIO DE UNA RETRIBUCION O POR CONTRATA|
3.0|32880.0|2.0|4.0|TUNJA|5621|CATERING PARA EVENTOS|
6.0|361680.0|9.0|6.0|BARRANQUILLA|7820|ACTIVIDADES DE AGENCIAS DE EMPLEO TEMPORAL|
13.0|723360.0|25.0|9.0|SOGAMOSO|6621|ACTIVIDADES DE AGENTES Y CORREDORES DE SEGUROS|
1.0|0.0|0.0|0.0|SANTAFE DE BOGOTA|2819|FABRICACION DE OTROS TIPOS DE MAQUINARIA Y EQUIPO DE USO GENERAL NCP|
9.0|526080.0|26.0|5.0|DUITAMA|4772|COMERCIO AL POR MENOR DE TODO TIPO DE CALZADO Y ARTICULOS DE CUERO Y SUCEDANEOS DEL CUERO EN ESTABLECIMIENTOS ESPECIALIZADOS|
22.0|1172420.0|17.0|53.0|TUNJA|0141|CRIA DE GANADO BOVINO Y BUFALINO|
2.0|32880.0|1.0|0.0|VILLA DE LEYVA|4759|COMERCIO AL POR MENOR DE OTROS ARTICULOS DOMESTICOS EN ESTABLECIMIENTOS ESPECIALIZADOS|
1.0|75640.0|0.0|1.0|MONIQUIRA|0142|CRIA DE CABALLOS Y OTROS EQUINOS|
5.0|1249440.0|30.0|19.0|DUITAMA|4732|COMERCIO AL POR MENOR DE LUBRICANTES (ACEITES- GRASAS)- ADITIVOS Y PRODUCTOS DE LIMPIEZA PARA VEHICULOS AUTOMOTORES|
24.0|3419520.0|124.0|97.0|SANTAFE DE BOGOTA|6910|ACTIVIDADES JURIDICAS|
42.0|3630720.0|24.0|70.0|DUITAMA|0141|CRIA DE GANADO BOVINO Y BUFALINO|
6.0|1874160.0|47.0|16.0|SANTAFE DE BOGOTA|6311|PROCESAMIENTO DE DATOS- ALOJAMIENTO (HOSTING) Y ACTIVIDADES RELACIONADAS|
12.0|361680.0|5.0|16.0|MONIQUIRA|9499|ACTIVIDADES DE OTRAS ASOCIACIONES NCP|
1.0|789120.0|9.0|6.0|SAN JOSE DE PARE|4731|COMERCIO AL POR MENOR DE COMBUSTIBLE PARA AUTOMOTORES|
12.0|1183680.0|53.0|35.0|SOGAMOSO|9411|ACTIVIDADES DE ASOCIACIONES EMPRESARIALES Y DE EMPLEADORES|
1.0|32880.0|1.0|0.0|DUITAMA|1709|FABRICACION DE OTROS ARTICULOS DE PAPEL Y CARTON|
7.0|832040.0|9.0|15.0|SOGAMOSO|0143|CRIA DE OVEJAS Y CABRAS|
1.0|0.0|0.0|2.0|BELLO|4661|COMERCIO AL POR MAYOR DE COMBUSTIBLES SOLIDOS- LIQUIDOS- GASEOSOS Y PRODUCTOS CONEXOS|
15.0|1808400.0|10.0|70.0|TUNJA|0811|EXTRACCION DE PIEDRA- ARENA- ARCILLAS COMUNES- YESO Y ANHIDRITA|
7.0|657600.0|3.0|11.0|SOGAMOSO|4799|OTROS TIPOS DE COMERCIO AL POR MENOR NO REALIZADO EN ESTABLECIMIENTOS- PUESTOS DE VENTA O MERCADOS|
1.0|986400.0|8.0|21.0|CHIQUINQUIRA|1011|PROCESAMIENTO Y CONSERVACION DE CARNE Y PRODUCTOS CARNICOS|
5.0|98640.0|7.0|15.0|SANTAFE DE BOGOTA|9491|ACTIVIDADES DE ASOCIACIONES RELIGIOSAS|
11.0|1315200.0|16.0|32.0|DUITAMA|3110|FABRICACION DE MUEBLES|
5.0|131520.0|4.0|6.0|SACHICA|9700|ACTIVIDADES DE LOS HOGARES INDIVIDUALES COMO EMPLEADORES DE PERSONAL DOMESTICO|
5.0|0.0|1.0|12.0|GARAGOA|7110|ACTIVIDADES DE ARQUITECTURA E INGENIERIA Y OTRAS ACTIVIDADES CONEXAS DE CONSULTORIA TECNICA|
156.0|20089680.0|56.0|508.0|TUNJA|4923|TRANSPORTE DE CARGA POR CARRETERA|
1.0|65760.0|0.0|1.0|BARRANQUILLA|2410|INDUSTRIAS BASICAS DE HIERRO Y DE ACERO|
36.0|1380960.0|21.0|54.0|SANTAFE DE BOGOTA|6810|ACTIVIDADES INMOBILIARIAS REALIZADAS CON BIENES PROPIOS O ARRENDADOS|
3.0|361680.0|8.0|9.0|SOGAMOSO|4690|COMERCIO AL POR MAYOR NO ESPECIALIZADO|
2.0|0.0|3.0|3.0|VENTAQUEMADA|7110|ACTIVIDADES DE ARQUITECTURA E INGENIERIA Y OTRAS ACTIVIDADES CONEXAS DE CONSULTORIA TECNICA|
22.0|1907040.0|54.0|18.0|TUNJA|1410|CONFECCION DE PRENDAS DE VESTIR- EXCEPTO PRENDAS DE PIEL|
2.0|0.0|0.0|1.0|BUCARAMANGA|4210|CONSTRUCCION DE CARRETERAS Y VIAS DE FERROCARRIL|
4.0|65760.0|2.0|2.0|TUNJA|6209|OTRAS ACTIVIDADES DE TECNOLOGIAS DE INFORMACION Y ACTIVIDADES DE SERVICIOS INFORMATICOS|
3.0|0.0|0.0|3.0|PUERTO BOYACA|7020|ACTIVIDADES DE CONSULTARIA DE GESTION|
1.0|0.0|0.0|0.0|PUERTO BOYACA|7420|ACTIVIDADES DE FOTOGRAFIA|
46.0|4241520.0|123.0|80.0|SOGAMOSO|5611|EXPENDIO A LA MESA DE COMIDAS PREPARADAS|
1.0|65760.0|0.0|4.0|SAMACA|4669|COMERCIO AL POR MAYOR DE OTROS PRODUCTOS NCP|
1.0|263040.0|5.0|2.0|DOSQUEBRADAS|4771|COMERCIO AL POR MENOR DE PRENDAS DE VESTIR Y SUS ACCESORIOS (INCLUYE ARTICULOS DE PIEL) EN ESTABLECIMIENTOS ESPECIALIZADOS|
2.0|65760.0|2.0|0.0|VILLA DE LEYVA|5512|ALOJAMIENTO EN APARTAHOTELES|
1.0|230160.0|0.0|4.0|MIRAFLORES|4111|CONSTRUCCION DE EDIFICIOS RESIDENCIALES|
5.0|0.0|1.0|4.0|DUITAMA|7410|ACTIVIDADES ESPECIALIZADAS DE DISEÑ|
14.0|427440.0|12.0|5.0|MONIQUIRA|9700|ACTIVIDADES DE LOS HOGARES INDIVIDUALES COMO EMPLEADORES DE PERSONAL DOMESTICO|
1.0|0.0|0.0|0.0|SANTAFE DE BOGOTA|2815|FABRICACION DE HORNOS- HOGARES Y QUEMADORES INDUSTRIALES|
3.0|164400.0|2.0|10.0|GUATEQUE|4729|COMERCIO AL POR MENOR DE OTROS PRODUCTOS ALIMENTICIOS NCP- EN ESTABLECIMIENTOS ESPECIALIZADOS|
1.0|98640.0|1.0|0.0|SANTAFE DE BOGOTA|0520|EXTRACCION DE CARBON LIGNITO|
1.0|0.0|0.0|0.0|VILLA DE LEYVA|0020|PENSIONADOS|
1.0|98640.0|0.0|1.0|ITAGUI|1020|PROCESAMIENTO Y CONSERVACION DE FRUTAS- LEGUMBRES- HORTALIZAS Y TUBERCULOS|
1.0|0.0|0.0|13.0|SAN EDUARDO|4220|CONSTRUCCION DE PROYECTOS DE SERVICIO PUBLICO|
15.0|4077120.0|41.0|55.0|TUNJA|4799|OTROS TIPOS DE COMERCIO AL POR MENOR NO REALIZADO EN ESTABLECIMIENTOS- PUESTOS DE VENTA O MERCADOS|
3.0|230160.0|8.0|6.0|TUNJA|4644|COMERCIO AL POR MAYOR DE APARATOS Y EQUIPO DE USO DOMESTICO|
6.0|460320.0|5.0|21.0|PUERTO BOYACA|4321|INSTALACIONES ELECTRICAS|
1.0|0.0|1.0|0.0|SANTAFE DE BOGOTA|9329|OTRAS ACTIVIDADES RECREATIVAS Y DE ESPARCIMIENTO NCP|
1.0|0.0|2.0|4.0|CALI|8130|ACTIVIDADES DE PAISAJISMO Y SERVICIOS DE MANTENIMIENTO CONEXOS|
3.0|65760.0|0.0|3.0|VENTAQUEMADA|4711|COMERCIO AL POR MENOR EN ESTABLECIMIENTOS NO ESPECIALIZADOS CON SURTIDO COMPUESTO PRINCIPALMENTE POR ALIMENTOS- BEBIDAS O TABACO|
4.0|98640.0|0.0|7.0|CERINZA|4290|CONSTRUCCION DE OTRAS OBRAS DE INGENIERIA CIVIL|
2.0|164400.0|3.0|4.0|SOCOTA|4731|COMERCIO AL POR MENOR DE COMBUSTIBLE PARA AUTOMOTORES|
2.0|65760.0|1.0|5.0|SOGAMOSO|1020|PROCESAMIENTO Y CONSERVACION DE FRUTAS- LEGUMBRES- HORTALIZAS Y TUBERCULOS|
1.0|263040.0|1.0|2.0|BELEN|4663|COMERCIO AL POR MAYOR DE MATERIALES DE CONSTRUCCION- ARTICULOS DE FERRETERIA- PINTURAS- PRODUCTOS DE VIDRIO- EQUIPO Y MATERIALES DE FONTANERIA Y CALEFACCION|
1.0|0.0|0.0|0.0|ITAGUI|5630|EXPENDIO DE BEBIDAS ALCOHOLICAS PARA EL CONSUMO DENTRO DEL ESTABLECIMIENTO|
2.0|394560.0|0.0|6.0|TUNJA|3811|RECOLECCION DE DESECHOS NO PELIGROSOS|
1.0|131520.0|2.0|0.0|GARAGOA|1040|ELABORACION DE PRODUCTOS LACTEOS|
1.0|65760.0|0.0|0.0|CUCUTA|4661|COMERCIO AL POR MAYOR DE COMBUSTIBLES SOLIDOS- LIQUIDOS- GASEOSOS Y PRODUCTOS CONEXOS|
3.0|1644000.0|22.0|20.0|SAN LUIS DE GACENO|8412|ACTIVIDADES EJECUTIVAS DE LA ADMINISTRACION PUBLICA|
8.0|328800.0|11.0|6.0|TUNJA|5811|EDICION DE LIBROS|
18.0|986400.0|27.0|17.0|DUITAMA|6920|ACTIVIDADES DE CONTABILIDAD- TENEDURIA DE LIBROS- AUDITORIA FINANCIERA Y ASESORIA TRIBUTARIA|
1.0|32880.0|2.0|1.0|SOATA|7500|ACTIVIDADES VETERINARIAS|
10.0|1709760.0|61.0|16.0|SOGAMOSO|4751|COMERCIO AL POR MENOR DE PRODUCTOS TEXTILES EN ESTABLECIMIENTOS ESPECIALIZADOS|
2.0|263040.0|1.0|5.0|SOGAMOSO|2396|CORTE- TALLADO Y ACABADO DE LA PIEDRA|
4.0|189100.0|1.0|4.0|VILLA DE LEYVA|0141|CRIA DE GANADO BOVINO Y BUFALINO|
4.0|131520.0|6.0|2.0|SANTA ROSA DE VITERBO|4773|COMERCIO AL POR MENOR DE PRODUCTOS FARMACEUTICOS Y MEDICINALES- COSMETICOS Y ARTICULOS DE TOCADOR EN ESTABLECIMIENTOS ESPECIALIZADOS|
20.0|2860560.0|2.0|133.0|GAMEZA|0510|EXTRACCION DE HULLA (CARBON DE PIEDRA)|
1.0|657600.0|20.0|1.0|CALI|9609|OTRAS ACTIVIDADES DE SERVICIOS PERSONALES NCP|
10.0|2794800.0|47.0|66.0|DUITAMA|8413|REGULACION DE LAS ACTIVIDADES DE ORGANISMOS QUE PRESTAN SERVICIOS DE SALUD- EDUCATIVOS- CULTURALES Y OTROS SERVICIOS SOCIALES- EXCEPTO SERVICIOS DE SEGURIDAD SOCIAL|
8.0|1972800.0|58.0|36.0|DUITAMA|9411|ACTIVIDADES DE ASOCIACIONES EMPRESARIALES Y DE EMPLEADORES|
4.0|558960.0|10.0|19.0|DUITAMA|1101|DESTILACION- RECTIFICACION Y MEZCLA DE BEBIDAS ALCOHOLICAS|
16.0|1676880.0|61.0|40.0|TUNJA|4741|COMERCIO AL POR MENOR DE COMPUTADORES- EQUIPOS PERIFERICOS- PROGRAMAS DE INFORMATICA Y EQUIPOS DE TELECOMUNICACIONES EN ESTABLECIMIENTOS ESPECIALIZADOS|
11.0|1907040.0|23.0|46.0|CHIQUINQUIRA|4754|COMERCIO AL POR MENOR DE ELECTRODOMESTICOS Y GASODOMESTICOS DE USO DOMESTICO- MUEBLES Y EQUIPOS DE ILUMINACION|
19.0|3945600.0|48.0|85.0|DUITAMA|4731|COMERCIO AL POR MENOR DE COMBUSTIBLE PARA AUTOMOTORES|
13.0|1512800.0|11.0|33.0|DUITAMA|0150|EXPLOTACION MIXTA (AGRICOLA Y PECUARIA)|
31.0|690480.0|23.0|8.0|PAIPA|9700|ACTIVIDADES DE LOS HOGARES INDIVIDUALES COMO EMPLEADORES DE PERSONAL DOMESTICO|
14.0|295920.0|10.0|4.0|CHIQUINQUIRA|9700|ACTIVIDADES DE LOS HOGARES INDIVIDUALES COMO EMPLEADORES DE PERSONAL DOMESTICO|
27.0|10061280.0|239.0|89.0|TUNJA|8691|ACTIVIDADES DE APOYO DIAGNOSTICO|
1.0|164400.0|3.0|8.0|PUERTO BOYACA|6010|ACTIVIDADES DE PROGRAMACION Y TRANSMISION EN EL SERVICIO DE RADIODIFUSION SONORA|
93.0|10587360.0|142.0|445.0|SOGAMOSO|7110|ACTIVIDADES DE ARQUITECTURA E INGENIERIA Y OTRAS ACTIVIDADES CONEXAS DE CONSULTORIA TECNICA|
66.0|4110000.0|65.0|226.0|SANTAFE DE BOGOTA|7110|ACTIVIDADES DE ARQUITECTURA E INGENIERIA Y OTRAS ACTIVIDADES CONEXAS DE CONSULTORIA TECNICA|
3.0|263040.0|2.0|3.0|MEDELLIN|4663|COMERCIO AL POR MAYOR DE MATERIALES DE CONSTRUCCION- ARTICULOS DE FERRETERIA- PINTURAS- PRODUCTOS DE VIDRIO- EQUIPO Y MATERIALES DE FONTANERIA Y CALEFACCION|
30.0|26073840.0|78.0|681.0|TUNJA|4921|TRANSPORTE DE PASAJEROS|
16.0|460320.0|9.0|16.0|SANTAFE DE BOGOTA|6201|ACTIVIDADES DE DESARROLLO DE SISTEMAS INFORMATICOS (PLANIFICACION- ANALISIS- DISEÑ- PROGRAMACION- PRUEBAS)|
10.0|1282320.0|11.0|220.0|SANTAFE DE BOGOTA|4659|COMERCIO AL POR MAYOR DE OTROS TIPOS DE MAQUINARIA Y EQUIPO NCP|
83.0|5786880.0|200.0|102.0|TUNJA|6910|ACTIVIDADES JURIDICAS|
214.0|31203120.0|154.0|877.0|SOGAMOSO|4923|TRANSPORTE DE CARGA POR CARRETERA|
4.0|5885520.0|17.0|180.0|VILLA DE SAN DIEGO DE UBATE|0510|EXTRACCION DE HULLA (CARBON DE PIEDRA)|
1.0|0.0|0.0|2.0|SACHICA|0149|CRIA DE OTROS ANIMALES NCP|
4.0|2367360.0|125.0|20.0|TUNJA|8890|OTRAS ACTIVIDADES DE ASISTENCIA SOCIAL SIN ALOJAMIENTO|
62.0|6247200.0|81.0|138.0|TUNJA|4752|COMERCIO AL POR MENOR DE ARTICULOS DE FERRETERIA- PINTURAS Y PRODUCTOS DE VIDRIO EN ESTABLECIMIENTOS ESPECIALIZADOS|
1.0|65760.0|0.0|0.0|PAIPA|4724|COMERCIO AL POR MENOR DE BEBIDAS Y PRODUCTOS DEL TABACO- EN ESTABLECIMIENTOS ESPECIALIZADOS|
4.0|197280.0|7.0|0.0|ARCABUCO|5613|EXPENDIO DE COMIDAS PREPARADAS EN CAFETERIAS|
1.0|0.0|0.0|0.0|AGUAZUL|7210|INVESTIGACIONES Y DESARROLLO EXPERIMENTAL EN EL CAMPO DE LAS CIENCIAS NATURALES Y LA INGENIERIA|
28.0|9042000.0|231.0|130.0|TUNJA|9491|ACTIVIDADES DE ASOCIACIONES RELIGIOSAS|
22.0|1578240.0|46.0|29.0|TUNJA|6621|ACTIVIDADES DE AGENTES Y CORREDORES DE SEGUROS|
1.0|0.0|0.0|0.0|VILLA DE LEYVA|7500|ACTIVIDADES VETERINARIAS|
1.0|0.0|0.0|0.0|TUNJA|0892|EXTRACCION DE HALITA (SAL)|
1.0|98640.0|1.0|0.0|MUZO|5611|EXPENDIO A LA MESA DE COMIDAS PREPARADAS|
10.0|295920.0|8.0|2.0|TUNJA|8559|OTROS TIPOS DE EDUCACION NCP|
1.0|0.0|0.0|0.0|MEDELLIN|7020|ACTIVIDADES DE CONSULTARIA DE GESTION|
12.0|263040.0|2.0|17.0|SANTAFE DE BOGOTA|4390|OTRAS ACTIVIDADES ESPECIALIZADAS PARA LA CONSTRUCCION DE EDIFICIOS Y OBRAS DE INGENIERIA CIVIL|
2.0|0.0|2.0|1.0|VILLA DE LEYVA|7310|PUBLICIDAD|
1.0|0.0|0.0|1.0|BUCARAMANGA|4530|COMERCIO DE PARTES- PIEZAS (AUTOPARTES) Y ACCESORIOS (LUJOS) PARA VEHICULOS AUTOMOTORES|
8.0|197280.0|2.0|6.0|SANTAFE DE BOGOTA|0000|NO DEFINIDA ACTIVIDAD ECONOMICA|
1.0|197280.0|0.0|4.0|RIONEGRO|4520|MANTENIMIENTO Y REPARACION DE VEHICULOS AUTOMOTORES|
4.0|0.0|2.0|0.0|VILLA DE LEYVA|7010|ACTIVIDADES DE ADMINISTRACION EMPRESARIAL|
2.0|98640.0|1.0|2.0|TUNJA|4742|COMERCIO AL POR MENOR DE EQUIPOS Y APARATOS DE SONIDO Y DE VIDEO- EN ESTABLECIMIENTOS ESPECIALIZADOS|
4.0|493200.0|10.0|8.0|SOGAMOSO|4649|COMERCIO AL POR MAYOR DE OTROS UTENSILIOS DOMESTICOS NCP|
2.0|0.0|0.0|0.0|SOGAMOSO|4312|PREPARACION DEL TERRENO|
25.0|3912720.0|16.0|62.0|SOGAMOSO|4661|COMERCIO AL POR MAYOR DE COMBUSTIBLES SOLIDOS- LIQUIDOS- GASEOSOS Y PRODUCTOS CONEXOS|
1.0|0.0|0.0|0.0|VILLAVICENCIO|9499|ACTIVIDADES DE OTRAS ASOCIACIONES NCP|
1.0|32880.0|0.0|1.0|SAMACA|9603|POMPAS FUNEBRES Y ACTIVIDADES RELACIONADAS|
6.0|1545360.0|1.0|20.0|JERICO|0510|EXTRACCION DE HULLA (CARBON DE PIEDRA)|
1.0|65760.0|0.0|0.0|PUERTO BOYACA|4762|COMERCIO AL POR MENOR DE ARTICULOS DEPORTIVOS- EN ESTABLECIMIENTOS ESPECIALIZADOS|
13.0|2268720.0|46.0|29.0|DUITAMA|8699|OTRAS ACTIVIDADES DE ATENCION DE LA SALUD HUMANA|
4.0|65760.0|4.0|18.0|BUCARAMANGA|4290|CONSTRUCCION DE OTRAS OBRAS DE INGENIERIA CIVIL|
8.0|164400.0|6.0|7.0|SANTAFE DE BOGOTA|4669|COMERCIO AL POR MAYOR DE OTROS PRODUCTOS NCP|
1.0|0.0|0.0|0.0|BUCARAMANGA|3312|MANTENIMIENTO Y REPARACION ESPECIALIZADO DE MAQUINARIA Y EQUIPO|
2.0|32880.0|0.0|2.0|CALI|4664|COMERCIO AL POR MAYOR DE PRODUCTOS QUIMICOS BASICOS- CAUCHOS Y PLASTICOS EN FORMAS PRIMARIAS Y PRODUCTOS QUIMICOS DE USO AGROPECUARIO|
2.0|0.0|0.0|0.0|LA CAPILLA|4220|CONSTRUCCION DE PROYECTOS DE SERVICIO PUBLICO|
3.0|591840.0|20.0|5.0|PUERTO BOYACA|8699|OTRAS ACTIVIDADES DE ATENCION DE LA SALUD HUMANA|
2.0|65760.0|0.0|8.0|SAMACA|2591|FORJA- PRENSADO- ESTAMPADO Y LAMINADO DE METAL- PULVIMETALURGIA|
12.0|1085040.0|30.0|18.0|SOGAMOSO|8699|OTRAS ACTIVIDADES DE ATENCION DE LA SALUD HUMANA|
5.0|427440.0|7.0|8.0|PUERTO BOYACA|4719|COMERCIO AL POR MENOR EN ESTABLECIMIENTOS NO ESPECIALIZADOS- CON SURTIDO COMPUESTO PRINCIPALMENTE POR PRODUCTOS DIFERENTES DE ALIMENTOS (VIVERES EN GENERAL)- BEBIDAS Y TABACO|
2.0|491660.0|2.0|6.0|TIBASOSA|0141|CRIA DE GANADO BOVINO Y BUFALINO|
7.0|295920.0|5.0|19.0|DUITAMA|9609|OTRAS ACTIVIDADES DE SERVICIOS PERSONALES NCP|
36.0|52246320.0|9262.0|4974.0|TUNJA|8522|EDUCACION MEDIA ACADEMICA|
1.0|0.0|0.0|8.0|TOPAGA|0811|EXTRACCION DE PIEDRA- ARENA- ARCILLAS COMUNES- YESO Y ANHIDRITA|
5.0|1085040.0|9.0|2.0|SOGAMOSO|6511|SEGUROS GENERALES|
1.0|131520.0|8.0|4.0|CHITARAQUE|8699|OTRAS ACTIVIDADES DE ATENCION DE LA SALUD HUMANA|
18.0|854880.0|21.0|48.0|DUITAMA|6810|ACTIVIDADES INMOBILIARIAS REALIZADAS CON BIENES PROPIOS O ARRENDADOS|
13.0|854880.0|17.0|17.0|DUITAMA|4719|COMERCIO AL POR MENOR EN ESTABLECIMIENTOS NO ESPECIALIZADOS- CON SURTIDO COMPUESTO PRINCIPALMENTE POR PRODUCTOS DIFERENTES DE ALIMENTOS (VIVERES EN GENERAL)- BEBIDAS Y TABACO|
1.0|854880.0|19.0|22.0|SANTAFE DE BOGOTA|5513|ALOJAMIENTO EN CENTROS VACACIONALES|
14.0|1285880.0|7.0|27.0|SAN MIGUEL DE SEMA|0141|CRIA DE GANADO BOVINO Y BUFALINO|
7.0|690480.0|6.0|13.0|TUNJA|4690|COMERCIO AL POR MAYOR NO ESPECIALIZADO|
1.0|0.0|0.0|1.0|MONIQUIRA|4620|COMERCIO AL POR MAYOR DE MATERIAS PRIMAS AGROPECUARIAS- ANIMALES VIVOS|
1.0|0.0|3.0|1.0|TOTA|8610|ACTIVIDADES DE HOSPITALES Y CLINICAS- CON INTERNACION|
1.0|460320.0|6.0|4.0|FLORESTA|8610|ACTIVIDADES DE HOSPITALES Y CLINICAS- CON INTERNACION|
3.0|0.0|1.0|1.0|CHINAVITA|9700|ACTIVIDADES DE LOS HOGARES INDIVIDUALES COMO EMPLEADORES DE PERSONAL DOMESTICO|
13.0|4866240.0|116.0|113.0|PAIPA|5511|ALOJAMIENTO EN HOTELES|
3.0|453840.0|3.0|7.0|SAN MIGUEL DE SEMA|0143|CRIA DE OVEJAS Y CABRAS|
1.0|756240.0|34.0|15.0|MIRAFLORES|8610|ACTIVIDADES DE HOSPITALES Y CLINICAS- CON INTERNACION|
1.0|98640.0|2.0|0.0|SAMACA|5229|OTRAS ACTIVIDADES COMPLEMENTARIAS AL TRANSPORTE|
9.0|5162160.0|181.0|254.0|DUITAMA|7810|ACTIVIDADES DE AGENCIAS DE EMPLEO|
1.0|0.0|0.0|0.0|VENTAQUEMADA|5511|ALOJAMIENTO EN HOTELES|
15.0|920640.0|20.0|37.0|TUNJA|4729|COMERCIO AL POR MENOR DE OTROS PRODUCTOS ALIMENTICIOS NCP- EN ESTABLECIMIENTOS ESPECIALIZADOS|
4.0|416020.0|5.0|4.0|SANTA ROSA DE VITERBO|0141|CRIA DE GANADO BOVINO Y BUFALINO|
4.0|1210240.0|14.0|34.0|SANTAFE DE BOGOTA|0145|CRIA DE AVES DE CORRAL|
1.0|0.0|4.0|1.0|CUCUTA|8411|ACTIVIDADES LEGISLATIVAS DE LA ADMINISTRACION PUBLICA|
1.0|361680.0|6.0|4.0|PAIPA|1101|DESTILACION- RECTIFICACION Y MEZCLA DE BEBIDAS ALCOHOLICAS|
4.0|32880.0|4.0|0.0|MIRAFLORES|9700|ACTIVIDADES DE LOS HOGARES INDIVIDUALES COMO EMPLEADORES DE PERSONAL DOMESTICO|
5.0|131520.0|3.0|6.0|PUERTO BOYACA|9700|ACTIVIDADES DE LOS HOGARES INDIVIDUALES COMO EMPLEADORES DE PERSONAL DOMESTICO|
1.0|98640.0|1.0|14.0|SAMACA|8422|ACTIVIDADES DE DEFENSA|
23.0|8955720.0|391.0|61.0|SANTAFE DE BOGOTA|8121|LIMPIEZA GENERAL INTERIOR DE EDIFICIOS|
1.0|197280.0|11.0|30.0|BARBOSA|4111|CONSTRUCCION DE EDIFICIOS RESIDENCIALES|
1.0|0.0|0.0|0.0|IBAGUE|7810|ACTIVIDADES DE AGENCIAS DE EMPLEO|
4.0|1348080.0|25.0|121.0|SOGAMOSO|5229|OTRAS ACTIVIDADES COMPLEMENTARIAS AL TRANSPORTE|
26.0|10751760.0|20.0|345.0|PAZ DEL RIO|0510|EXTRACCION DE HULLA (CARBON DE PIEDRA)|
18.0|1578240.0|38.0|52.0|TUNJA|4631|COMERCIO AL POR MAYOR DE PRODUCTOS ALIMENTICIOS|
1.0|32880.0|0.0|1.0|TOGUI|5611|EXPENDIO A LA MESA DE COMIDAS PREPARADAS|
5.0|328800.0|4.0|5.0|SAMACA|4752|COMERCIO AL POR MENOR DE ARTICULOS DE FERRETERIA- PINTURAS Y PRODUCTOS DE VIDRIO EN ESTABLECIMIENTOS ESPECIALIZADOS|
3.0|263040.0|2.0|6.0|PUERTO BOYACA|4775|COMERCIO AL POR MENOR DE ARTICULOS DE SEGUNDA MANO|
1.0|32880.0|2.0|0.0|VILLAPINZON|4773|COMERCIO AL POR MENOR DE PRODUCTOS FARMACEUTICOS Y MEDICINALES- COSMETICOS Y ARTICULOS DE TOCADOR EN ESTABLECIMIENTOS ESPECIALIZADOS|
4.0|3214700.0|22.0|59.0|SOGAMOSO|0161|ACTIVIDADES DE APOYO A LA AGRICULTURA|
4.0|164400.0|2.0|3.0|VILLA DE LEYVA|7020|ACTIVIDADES DE CONSULTARIA DE GESTION|
9.0|1019280.0|25.0|29.0|PUERTO BOYACA|5511|ALOJAMIENTO EN HOTELES|
1.0|164400.0|6.0|3.0|SANTA MARIA|5611|EXPENDIO A LA MESA DE COMIDAS PREPARADAS|
1.0|37820.0|0.0|1.0|SABOYA|0124|CULTIVO DE CAÑ DE AZUCAR|
1.0|0.0|1.0|1.0|GARAGOA|4642|COMERCIO AL POR MAYOR DE PRENDAS DE VESTIR|
2.0|295920.0|8.0|1.0|SOGAMOSO|8230|ORGANIZACION DE CONVENCIONES Y EVENTOS COMERCIALES|
1.0|0.0|1.0|0.0|NOBSA|0145|CRIA DE AVES DE CORRAL|
1.0|32880.0|1.0|3.0|TUTA|4759|COMERCIO AL POR MENOR DE OTROS ARTICULOS DOMESTICOS EN ESTABLECIMIENTOS ESPECIALIZADOS|
1.0|65760.0|0.0|2.0|GUATEQUE|1811|ACTIVIDADES DE IMPRESION|
1.0|0.0|0.0|0.0|SANTAFE DE BOGOTA|8521|EDUCACION BASICA SECUNDARIA|
1.0|0.0|1.0|1.0|MUZO|4771|COMERCIO AL POR MENOR DE PRENDAS DE VESTIR Y SUS ACCESORIOS (INCLUYE ARTICULOS DE PIEL) EN ESTABLECIMIENTOS ESPECIALIZADOS|
4.0|1907040.0|19.0|95.0|PUERTO BOYACA|7810|ACTIVIDADES DE AGENCIAS DE EMPLEO|
8.0|920640.0|12.0|12.0|SANTAFE DE BOGOTA|4649|COMERCIO AL POR MAYOR DE OTROS UTENSILIOS DOMESTICOS NCP|
1.0|0.0|0.0|2.0|CAMPOHERMOSO|9700|ACTIVIDADES DE LOS HOGARES INDIVIDUALES COMO EMPLEADORES DE PERSONAL DOMESTICO|
8.0|887760.0|22.0|13.0|TUNJA|6010|ACTIVIDADES DE PROGRAMACION Y TRANSMISION EN EL SERVICIO DE RADIODIFUSION SONORA|
2.0|32880.0|2.0|0.0|BELEN|9700|ACTIVIDADES DE LOS HOGARES INDIVIDUALES COMO EMPLEADORES DE PERSONAL DOMESTICO|
3.0|361680.0|5.0|4.0|SANTAFE DE BOGOTA|8622|ACTIVIDADES DE LA PRACTICA ODONTOLOGICA|
4.0|460320.0|8.0|5.0|ARCABUCO|1081|ELABORACION DE PRODUCTOS DE PANADERIA|
1.0|0.0|0.0|0.0|PUERTO BOYACA|7410|ACTIVIDADES ESPECIALIZADAS DE DISEÑ|
4.0|263040.0|6.0|2.0|SOGAMOSO|5310|ACTIVIDADES POSTALES NACIONALES|
1.0|32880.0|1.0|0.0|MIRAFLORES|4761|COMERCIO AL POR MENOR DE LIBROS- PERIODICOS- MATERIALES Y ARTICULOS DE PAPELERIA Y ESCRITORIO- EN ESTABLECIMIENTOS ESPECIALIZADOS|
3.0|131520.0|2.0|4.0|DUITAMA|2592|TRATAMIENTO Y REVESTIMIENTO DE METALES- MECANIZADO|
1.0|131520.0|0.0|1.0|PUERTO BOYACA|6499|OTRAS ACTIVIDADES DE SERVICIO FINANCIERO- EXCEPTO LAS DE SEGUROS Y PENSIONES NCP|
1.0|230160.0|6.0|12.0|CERINZA|8411|ACTIVIDADES LEGISLATIVAS DE LA ADMINISTRACION PUBLICA|
2.0|526080.0|11.0|15.0|SANTA SOFIA|8411|ACTIVIDADES LEGISLATIVAS DE LA ADMINISTRACION PUBLICA|
2.0|427440.0|5.0|11.0|SOMONDOCO|8411|ACTIVIDADES LEGISLATIVAS DE LA ADMINISTRACION PUBLICA|
3.0|1019280.0|4.0|27.0|TIBASOSA|4921|TRANSPORTE DE PASAJEROS|
2.0|1405680.0|7.0|4.0|PAIPA|7912|ACTIVIDADES DE OPERADORES TURISTICOS|
4.0|197280.0|3.0|11.0|PAIPA|1040|ELABORACION DE PRODUCTOS LACTEOS|
2.0|263040.0|6.0|4.0|DUITAMA|5612|EXPENDIO POR AUTOSERVICIO DE COMIDAS PREPARADAS|
2.0|65760.0|2.0|3.0|TUTAZA|9499|ACTIVIDADES DE OTRAS ASOCIACIONES NCP|
2.0|230160.0|8.0|13.0|NOBSA|8412|ACTIVIDADES EJECUTIVAS DE LA ADMINISTRACION PUBLICA|
3.0|591840.0|1.0|28.0|SANTAFE DE BOGOTA|2816|FABRICACION DE EQUIPO DE ELEVACION Y MANIPULACION|
1.0|65760.0|0.0|1.0|MEDELLIN|3110|FABRICACION DE MUEBLES|
1.0|0.0|1.0|0.0|PAIPA|2825|FABRICACION DE MAQUINARIA PARA LA ELABORACION DE ALIMENTOS- BEBIDAS Y TABACO|
3.0|591840.0|6.0|11.0|VENTAQUEMADA|1040|ELABORACION DE PRODUCTOS LACTEOS|
3.0|230160.0|5.0|2.0|TUNJA|9329|OTRAS ACTIVIDADES RECREATIVAS Y DE ESPARCIMIENTO NCP|
1.0|0.0|0.0|0.0|MACANAL|4321|INSTALACIONES ELECTRICAS|
2.0|65760.0|2.0|6.0|COMBITA|4663|COMERCIO AL POR MAYOR DE MATERIALES DE CONSTRUCCION- ARTICULOS DE FERRETERIA- PINTURAS- PRODUCTOS DE VIDRIO- EQUIPO Y MATERIALES DE FONTANERIA Y CALEFACCION|
1.0|65760.0|0.0|1.0|SOGAMOSO|2816|FABRICACION DE EQUIPO DE ELEVACION Y MANIPULACION|
4.0|3419520.0|12.0|97.0|SANTAFE DE BOGOTA|5320|ACTIVIDADES DE MENSAJERIA|
3.0|756240.0|4.0|10.0|RAQUIRA|2393|FABRICACION DE OTROS PRODUCTOS DE CERAMICA Y PORCELANA|
1.0|394560.0|10.0|0.0|GUATEQUE|8790|OTRAS ACTIVIDADES DE ATENCION EN INSTITUCIONES CON ALOJAMIENTO|
1.0|0.0|0.0|0.0|CHITARAQUE|1072|ELABORACION DE PANELA|
1.0|0.0|0.0|3.0|EL COCUY|4631|COMERCIO AL POR MAYOR DE PRODUCTOS ALIMENTICIOS|
6.0|887760.0|2.0|25.0|VILLA DE LEYVA|4111|CONSTRUCCION DE EDIFICIOS RESIDENCIALES|
1.0|394560.0|16.0|6.0|DUITAMA|6614|ACTIVIDADES DE LAS CASAS DE CAMBIO|
1.0|690480.0|18.0|0.0|TULUA|8621|ACTIVIDADES DE LA PRACTICA MEDICA- SIN INTERNACION|
2.0|920640.0|14.0|11.0|SAN JOSE DE PARE|8411|ACTIVIDADES LEGISLATIVAS DE LA ADMINISTRACION PUBLICA|
1.0|65760.0|4.0|1.0|SOGAMOSO|6514|CAPITALIZACION|
5.0|394560.0|9.0|17.0|TUNJA|4541|COMERCIO DE MOTOCICLETAS Y DE SUS PARTES- PIEZAS Y ACCESORIOS|
5.0|263040.0|16.0|14.0|SOGAMOSO|8513|EDUCACION BASICA PRIMARIA|
1.0|0.0|2.0|3.0|CHIQUINQUIRA|9312|ACTIVIDADES DE CLUBES DEPORTIVOS|
1.0|0.0|3.0|2.0|SANTANA|5611|EXPENDIO A LA MESA DE COMIDAS PREPARADAS|
1.0|32880.0|1.0|0.0|SANTAFE DE BOGOTA|1513|FABRICACION DE ARTICULOS DE VIAJE- BOLSOS DE MANO Y ARTICULOS SIMILARES- ARTICULOS DE TALABARTERIA Y GUARNICIONERIA ELABORADOS EN OTROS MATERIALES|
1.0|0.0|1.0|0.0|MEDELLIN|1812|ACTIVIDADES DE SERVICIOS RELACIONADOS CON LA IMPRESION|
3.0|131520.0|4.0|1.0|PUERTO BOYACA|6920|ACTIVIDADES DE CONTABILIDAD- TENEDURIA DE LIBROS- AUDITORIA FINANCIERA Y ASESORIA TRIBUTARIA|
1.0|0.0|0.0|0.0|YOPAL|4773|COMERCIO AL POR MENOR DE PRODUCTOS FARMACEUTICOS Y MEDICINALES- COSMETICOS Y ARTICULOS DE TOCADOR EN ESTABLECIMIENTOS ESPECIALIZADOS|
9.0|5458080.0|34.0|106.0|SANTAFE DE BOGOTA|4663|COMERCIO AL POR MAYOR DE MATERIALES DE CONSTRUCCION- ARTICULOS DE FERRETERIA- PINTURAS- PRODUCTOS DE VIDRIO- EQUIPO Y MATERIALES DE FONTANERIA Y CALEFACCION|
3.0|164400.0|3.0|2.0|CHIQUINQUIRA|8692|ACTIVIDADES DE APOYO TERAPEUTICO|
1.0|98640.0|0.0|7.0|GARAGOA|6810|ACTIVIDADES INMOBILIARIAS REALIZADAS CON BIENES PROPIOS O ARRENDADOS|
1.0|32880.0|1.0|2.0|GUICAN|4290|CONSTRUCCION DE OTRAS OBRAS DE INGENIERIA CIVIL|
2.0|493200.0|3.0|14.0|PUERTO BOYACA|2829|FABRICACION DE OTROS TIPOS DE MAQUINARIA Y EQUIPO DE USO ESPECIAL NCP|
16.0|1085040.0|18.0|78.0|PAIPA|4290|CONSTRUCCION DE OTRAS OBRAS DE INGENIERIA CIVIL|
1.0|0.0|0.0|0.0|YOPAL|0112|CULTIVO DE ARROZ|
1.0|263040.0|10.0|6.0|PESCA|8610|ACTIVIDADES DE HOSPITALES Y CLINICAS- CON INTERNACION|
13.0|2531760.0|15.0|100.0|SOGAMOSO|2392|FABRICACION DE MATERIALES DE ARCILLA PARA LA CONSTRUCCION|
1.0|0.0|0.0|0.0|PAIPA|4722|COMERCIO AL POR MENOR DE LECHE- PRODUCTOS LACTEOS Y HUEVOS- EN ESTABLECIMIENTOS ESPECIALIZADOS|
8.0|263040.0|2.0|18.0|SOGAMOSO|4330|TERMINACION Y ACABADO DE EDIFICIOS Y OBRAS DE INGENIERIA CIVIL|
1.0|0.0|0.0|1.0|CHIQUINQUIRA|7120|ENSAYOS Y ANALISIS TECNICOS|
8.0|3386640.0|23.0|194.0|CHIQUINQUIRA|4921|TRANSPORTE DE PASAJEROS|
1.0|65760.0|1.0|1.0|SAN LUIS DE GACENO|0811|EXTRACCION DE PIEDRA- ARENA- ARCILLAS COMUNES- YESO Y ANHIDRITA|
2.0|32880.0|1.0|3.0|TUNJA|8291|ACTIVIDADES DE AGENCIAS DE COBRANZA Y OFICINAS DE CALIFICACION CREDITICIA|
1.0|98640.0|3.0|1.0|TUNJA|4791|COMERCIO AL POR MENOR REALIZADO A TRAVES DE INTERNET|
6.0|983320.0|10.0|12.0|DUITAMA|0149|CRIA DE OTROS ANIMALES NCP|
1.0|131520.0|1.0|5.0|HONDA|4731|COMERCIO AL POR MENOR DE COMBUSTIBLE PARA AUTOMOTORES|
2.0|131520.0|0.0|2.0|PUERTO BOYACA|4330|TERMINACION Y ACABADO DE EDIFICIOS Y OBRAS DE INGENIERIA CIVIL|
1.0|0.0|0.0|0.0|PAIPA|5513|ALOJAMIENTO EN CENTROS VACACIONALES|
1.0|1249440.0|0.0|39.0|COMBITA|4321|INSTALACIONES ELECTRICAS|
2.0|361680.0|8.0|3.0|PUERTO BOYACA|9491|ACTIVIDADES DE ASOCIACIONES RELIGIOSAS|
3.0|14302800.0|129.0|570.0|TUNJA|3511|GENERACION DE ENERGIA ELECTRICA|
1.0|1117920.0|43.0|18.0|SANTAFE DE BOGOTA|3011|CONSTRUCCION DE BARCOS Y DE ESTRUCTURAS FLOTANTES|
2.0|32880.0|7.0|7.0|VENTAQUEMADA|4773|COMERCIO AL POR MENOR DE PRODUCTOS FARMACEUTICOS Y MEDICINALES- COSMETICOS Y ARTICULOS DE TOCADOR EN ESTABLECIMIENTOS ESPECIALIZADOS|
1.0|0.0|1.0|1.0|VILLA DE LEYVA|8530|ESTABLECIMIENTOS QUE COMBINAN DIFERENTES NIVELES DE EDUCACION|
2.0|2268720.0|24.0|73.0|SANTAFE DE BOGOTA|2712|FABRICACION DE APARATOS DE DISTRIBUCION Y CONTROL DE LA ENERGIA ELECTRICA|
1.0|0.0|0.0|1.0|SOGAMOSO|0910|ACTIVIDADES DE APOYO PARA LA EXTRACCION DE PETROLEO Y DE GAS NATURAL|
3.0|394560.0|14.0|2.0|SANTAFE DE BOGOTA|8522|EDUCACION MEDIA ACADEMICA|
1.0|0.0|0.0|2.0|SABOYA|0113|CULTIVO DE HORTALIZAS- RAICES Y TUBERCULOS|
7.0|491660.0|5.0|13.0|SABOYA|0141|CRIA DE GANADO BOVINO Y BUFALINO|
1.0|32880.0|2.0|0.0|SOATA|4773|COMERCIO AL POR MENOR DE PRODUCTOS FARMACEUTICOS Y MEDICINALES- COSMETICOS Y ARTICULOS DE TOCADOR EN ESTABLECIMIENTOS ESPECIALIZADOS|
1.0|624720.0|9.0|14.0|SUSACON|8411|ACTIVIDADES LEGISLATIVAS DE LA ADMINISTRACION PUBLICA|
1.0|32880.0|1.0|0.0|MEDELLIN|4620|COMERCIO AL POR MAYOR DE MATERIAS PRIMAS AGROPECUARIAS- ANIMALES VIVOS|
3.0|131520.0|5.0|0.0|CHIQUINQUIRA|9601|LAVADO Y LIMPIEZA- INCLUSO LA LIMPIEZA EN SECO- DE PRODUCTOS TEXTILES Y DE PIEL|
1.0|558960.0|11.0|6.0|TUTA|8621|ACTIVIDADES DE LA PRACTICA MEDICA- SIN INTERNACION|
1.0|32880.0|0.0|1.0|GUATEQUE|4631|COMERCIO AL POR MAYOR DE PRODUCTOS ALIMENTICIOS|
2.0|1399340.0|28.0|25.0|TUNJA|0125|CULTIVO DE FLOR DE CORTE|
1.0|1676880.0|31.0|39.0|NOBSA|8121|LIMPIEZA GENERAL INTERIOR DE EDIFICIOS|
5.0|1085040.0|31.0|11.0|SANTAFE DE BOGOTA|8430|ACTIVIDADES DE PLANES DE SEGURIDAD SOCIAL DE AFILIACION OBLIGATORIA|
1.0|0.0|6.0|0.0|SAMACA|5621|CATERING PARA EVENTOS|
1.0|65760.0|1.0|0.0|TENJO|4669|COMERCIO AL POR MAYOR DE OTROS PRODUCTOS NCP|
2.0|32880.0|0.0|2.0|CHIQUINQUIRA|8230|ORGANIZACION DE CONVENCIONES Y EVENTOS COMERCIALES|
2.0|0.0|1.0|3.0|SACHICA|4923|TRANSPORTE DE CARGA POR CARRETERA|
1.0|0.0|0.0|0.0|TOCA|4220|CONSTRUCCION DE PROYECTOS DE SERVICIO PUBLICO|
1.0|65760.0|1.0|0.0|SAN JOSE DE PARE|5511|ALOJAMIENTO EN HOTELES|
1.0|0.0|0.0|1.0|LETICIA|4111|CONSTRUCCION DE EDIFICIOS RESIDENCIALES|
1.0|32880.0|0.0|2.0|SAN LUIS DE GACENO|4661|COMERCIO AL POR MAYOR DE COMBUSTIBLES SOLIDOS- LIQUIDOS- GASEOSOS Y PRODUCTOS CONEXOS|
2.0|98640.0|4.0|8.0|PUERTO BOYACA|9411|ACTIVIDADES DE ASOCIACIONES EMPRESARIALES Y DE EMPLEADORES|
3.0|1545360.0|22.0|15.0|SABOYA|9499|ACTIVIDADES DE OTRAS ASOCIACIONES NCP|
1.0|65760.0|0.0|2.0|SACHICA|4631|COMERCIO AL POR MAYOR DE PRODUCTOS ALIMENTICIOS|
1.0|2926320.0|46.0|46.0|BUCARAMANGA|4620|COMERCIO AL POR MAYOR DE MATERIAS PRIMAS AGROPECUARIAS- ANIMALES VIVOS|
1.0|0.0|1.0|0.0|SIACHOQUE|0161|ACTIVIDADES DE APOYO A LA AGRICULTURA|
1.0|0.0|1.0|0.0|ITAGUI|4645|COMERCIO AL POR MAYOR DE PRODUCTOS FARMACEUTICOS- MEDICINALES- COSMETICOS Y DE TOCADOR|
2.0|1777540.0|11.0|25.0|SOTAQUIRA|0143|CRIA DE OVEJAS Y CABRAS|
1.0|65760.0|18.0|131.0|NOBSA|2392|FABRICACION DE MATERIALES DE ARCILLA PARA LA CONSTRUCCION|
1.0|756400.0|3.0|10.0|GUATEQUE|0161|ACTIVIDADES DE APOYO A LA AGRICULTURA|
1.0|131520.0|1.0|5.0|CALDAS|4731|COMERCIO AL POR MENOR DE COMBUSTIBLE PARA AUTOMOTORES|
1.0|98640.0|9.0|6.0|QUIPAMA|8610|ACTIVIDADES DE HOSPITALES Y CLINICAS- CON INTERNACION|
1.0|0.0|1.0|0.0|TOGUI|9101|ACTIVIDADES DE BIBLIOTECAS Y ARCHIVOS|
2.0|756240.0|15.0|26.0|DUITAMA|4644|COMERCIO AL POR MAYOR DE APARATOS Y EQUIPO DE USO DOMESTICO|
1.0|0.0|0.0|1.0|COTA|0121|CULTIVO DE FRUTAS TROPICALES Y SUBTROPICALES|
1.0|0.0|0.0|1.0|GUATEQUE|9499|ACTIVIDADES DE OTRAS ASOCIACIONES NCP|
1.0|0.0|2.0|2.0|ZETAQUIRA|8890|OTRAS ACTIVIDADES DE ASISTENCIA SOCIAL SIN ALOJAMIENTO|
1.0|0.0|0.0|0.0|MONTERIA|4290|CONSTRUCCION DE OTRAS OBRAS DE INGENIERIA CIVIL|
1.0|164400.0|3.0|2.0|GUATEQUE|4721|COMERCIO AL POR MENOR DE PRODUCTOS AGRICOLAS PARA EL CONSUMO EN ESTABLECIMIENTOS ESPECIALIZADOS|
1.0|131520.0|4.0|7.0|MONIQUIRA|6020|ACTIVIDADES DE PROGRAMACION Y TRANSMISION DE TELEVISION|
1.0|98640.0|0.0|3.0|TUTA|4723|COMERCIO AL POR MENOR DE CARNES (INCLUYE AVES DE CORRAL)- PRODUCTOS CARNICOS- PESCADOS Y PRODUCTOS DE MAR- EN ESTABLECIMIENTOS ESPECIALIZADOS|
1.0|0.0|1.0|0.0|CHIQUINQUIRA|1410|CONFECCION DE PRENDAS DE VESTIR- EXCEPTO PRENDAS DE PIEL|
6.0|1742640.0|23.0|30.0|PAIPA|4731|COMERCIO AL POR MENOR DE COMBUSTIBLE PARA AUTOMOTORES|
3.0|1512480.0|19.0|38.0|CHIQUINQUIRA|8413|REGULACION DE LAS ACTIVIDADES DE ORGANISMOS QUE PRESTAN SERVICIOS DE SALUD- EDUCATIVOS- CULTURALES Y OTROS SERVICIOS SOCIALES- EXCEPTO SERVICIOS DE SEGURIDAD SOCIAL|
1.0|131520.0|0.0|4.0|DUITAMA|3290|OTRAS INDUSTRIAS MANUFACTURERAS NCP|
1.0|32880.0|2.0|6.0|SANTAFE DE BOGOTA|5514|ALOJAMIENTO RURAL|
2.0|131520.0|3.0|1.0|SANTAFE DE BOGOTA|6621|ACTIVIDADES DE AGENTES Y CORREDORES DE SEGUROS|
2.0|328800.0|6.0|1.0|TUNJA|4643|COMERCIO AL POR MAYOR DE CALZADO|
1.0|98640.0|14.0|11.0|TURMEQUE|8610|ACTIVIDADES DE HOSPITALES Y CLINICAS- CON INTERNACION|
1.0|98640.0|6.0|3.0|SOCHA|8610|ACTIVIDADES DE HOSPITALES Y CLINICAS- CON INTERNACION|
2.0|263040.0|1.0|3.0|VENTAQUEMADA|9491|ACTIVIDADES DE ASOCIACIONES RELIGIOSAS|
2.0|0.0|1.0|5.0|CHIQUINQUIRA|4390|OTRAS ACTIVIDADES ESPECIALIZADAS PARA LA CONSTRUCCION DE EDIFICIOS Y OBRAS DE INGENIERIA CIVIL|
1.0|1183680.0|10.0|19.0|GACHANTIVA|8411|ACTIVIDADES LEGISLATIVAS DE LA ADMINISTRACION PUBLICA|
2.0|98640.0|4.0|0.0|RAMIRIQUI|6910|ACTIVIDADES JURIDICAS|
1.0|32880.0|1.0|0.0|COTA|4690|COMERCIO AL POR MAYOR NO ESPECIALIZADO|
1.0|32880.0|0.0|1.0|CHIQUINQUIRA|9602|PELUQUERIA Y OTROS TRATAMIENTOS DE BELLEZA|
3.0|32880.0|1.0|1.0|NUEVO COLON|9700|ACTIVIDADES DE LOS HOGARES INDIVIDUALES COMO EMPLEADORES DE PERSONAL DOMESTICO|
1.0|0.0|1.0|0.0|CHIQUINQUIRA|4774|COMERCIO AL POR MENOR DE OTROS PRODUCTOS NUEVOS EN ESTABLECIMIENTOS ESPECIALIZADOS|
4.0|822000.0|9.0|26.0|PAIPA|4664|COMERCIO AL POR MAYOR DE PRODUCTOS QUIMICOS BASICOS- CAUCHOS Y PLASTICOS EN FORMAS PRIMARIAS Y PRODUCTOS QUIMICOS DE USO AGROPECUARIO|
1.0|263040.0|1.0|2.0|BELEN|1081|ELABORACION DE PRODUCTOS DE PANADERIA|
2.0|113460.0|1.0|4.0|SACHICA|0129|OTROS CULTIVOS PERMANENTES NCP|
1.0|0.0|0.0|1.0|SOATA|9700|ACTIVIDADES DE LOS HOGARES INDIVIDUALES COMO EMPLEADORES DE PERSONAL DOMESTICO|
1.0|263040.0|0.0|0.0|MOTAVITA|8560|ACTIVIDADES DE APOYO A LA EDUCACION|
2.0|98640.0|13.0|0.0|DUITAMA|8730|ACTIVIDADES DE ATENCION EN INSTITUCIONES PARA EL CUIDADO DE PERSONAS MAYORES Y/O DISCAPACITADAS|
1.0|32880.0|0.0|1.0|SOATA|4911|TRANSPORTE FERREO DE PASAJEROS|
1.0|789120.0|3.0|25.0|NOBSA|8130|ACTIVIDADES DE PAISAJISMO Y SERVICIOS DE MANTENIMIENTO CONEXOS|
1.0|131520.0|3.0|4.0|GARAGOA|4669|COMERCIO AL POR MAYOR DE OTROS PRODUCTOS NCP|
1.0|0.0|1.0|0.0|JENESANO|4721|COMERCIO AL POR MENOR DE PRODUCTOS AGRICOLAS PARA EL CONSUMO EN ESTABLECIMIENTOS ESPECIALIZADOS|
1.0|65760.0|0.0|4.0|SOTAQUIRA|2100|FABRICACION DE PRODUCTOS FARMACEUTICOS- SUSTANCIAS QUIMICAS MEDICINALES Y PRODUCTOS BOTANICOS DE USO FARMACEUTICO|
1.0|32880.0|0.0|1.0|GACHANTIVA|5611|EXPENDIO A LA MESA DE COMIDAS PREPARADAS|
1.0|263040.0|1.0|3.0|TENZA|4921|TRANSPORTE DE PASAJEROS|
3.0|131520.0|1.0|6.0|DUITAMA|4665|COMERCIO AL POR MAYOR DE DESPERDICIOS- DESECHOS Y CHATARRA|
1.0|0.0|1.0|0.0|PAZ DEL RIO|4771|COMERCIO AL POR MENOR DE PRENDAS DE VESTIR Y SUS ACCESORIOS (INCLUYE ARTICULOS DE PIEL) EN ESTABLECIMIENTOS ESPECIALIZADOS|
2.0|361680.0|12.0|3.0|TURMEQUE|9499|ACTIVIDADES DE OTRAS ASOCIACIONES NCP|
1.0|32880.0|1.0|0.0|MOSQUERA|3290|OTRAS INDUSTRIAS MANUFACTURERAS NCP|
1.0|65760.0|1.0|3.0|RAMIRIQUI|9609|OTRAS ACTIVIDADES DE SERVICIOS PERSONALES NCP|
1.0|164400.0|6.0|7.0|MONGUA|8412|ACTIVIDADES EJECUTIVAS DE LA ADMINISTRACION PUBLICA|
2.0|690480.0|18.0|18.0|SANTA ROSA DE VITERBO|8411|ACTIVIDADES LEGISLATIVAS DE LA ADMINISTRACION PUBLICA|
1.0|1052160.0|50.0|29.0|VILLA DE LEYVA|8411|ACTIVIDADES LEGISLATIVAS DE LA ADMINISTRACION PUBLICA|
1.0|0.0|2.0|0.0|BUCARAMANGA|4669|COMERCIO AL POR MAYOR DE OTROS PRODUCTOS NCP|
1.0|65760.0|0.0|1.0|BOLIVAR|4923|TRANSPORTE DE CARGA POR CARRETERA|
2.0|493200.0|12.0|6.0|DUITAMA|9200|ACTIVIDADES DE JUEGOS DE AZAR Y APUESTAS|
1.0|32880.0|2.0|0.0|CHIQUINQUIRA|1811|ACTIVIDADES DE IMPRESION|
1.0|98640.0|0.0|3.0|SOCHA|2511|FABRICACION DE PRODUCTOS METALICOS PARA USO ESTRUCTURAL|
1.0|230160.0|3.0|9.0|SOGAMOSO|0081|PERSONAS NATURALES SIN ACTIVIDAD ECONOMICA|
1.0|0.0|0.0|1.0|MEDELLIN|4690|COMERCIO AL POR MAYOR NO ESPECIALIZADO|
2.0|0.0|0.0|4.0|CHIQUINQUIRA|0220|EXTRACCION DE MADERA|
1.0|0.0|0.0|2.0|LA CAPILLA|6422|ACTIVIDADES DE LAS COMPAÑAS DE FINANCIAMIENTO|
1.0|98640.0|1.0|2.0|CHIA|6110|ACTIVIDADES DE TELECOMUNICACIONES ALAMBRICAS|
2.0|98640.0|1.0|3.0|SAMACA|4799|OTROS TIPOS DE COMERCIO AL POR MENOR NO REALIZADO EN ESTABLECIMIENTOS- PUESTOS DE VENTA O MERCADOS|
1.0|164400.0|7.0|0.0|TOPAGA|8610|ACTIVIDADES DE HOSPITALES Y CLINICAS- CON INTERNACION|
1.0|65760.0|1.0|1.0|MONIQUIRA|8512|EDUCACION PREESCOLAR|
1.0|32880.0|1.0|0.0|VILLA DE LEYVA|4632|COMERCIO AL POR MAYOR DE BEBIDAS Y TABACO|
1.0|0.0|0.0|3.0|MONIQUIRA|2392|FABRICACION DE MATERIALES DE ARCILLA PARA LA CONSTRUCCION|
2.0|98640.0|2.0|8.0|PUERTO BOYACA|5021|TRANSPORTE FLUVIAL DE PASAJEROS|
1.0|1052160.0|5.0|33.0|NOBSA|1690|FABRICACION DE OTROS PRODUCTOS DE MADERA- FABRICACION DE ARTICULOS DE CORCHO- CESTERIA Y ESPARTERIA|
1.0|4241520.0|15.0|147.0|JENESANO|4210|CONSTRUCCION DE CARRETERAS Y VIAS DE FERROCARRIL|
1.0|0.0|1.0|0.0|MEDELLIN|4741|COMERCIO AL POR MENOR DE COMPUTADORES- EQUIPOS PERIFERICOS- PROGRAMAS DE INFORMATICA Y EQUIPOS DE TELECOMUNICACIONES EN ESTABLECIMIENTOS ESPECIALIZADOS|
3.0|98640.0|0.0|13.0|SAN LUIS DE GACENO|7110|ACTIVIDADES DE ARQUITECTURA E INGENIERIA Y OTRAS ACTIVIDADES CONEXAS DE CONSULTORIA TECNICA|
1.0|723360.0|11.0|12.0|SATIVANORTE|8411|ACTIVIDADES LEGISLATIVAS DE LA ADMINISTRACION PUBLICA|
1.0|493200.0|13.0|8.0|MONGUI|8411|ACTIVIDADES LEGISLATIVAS DE LA ADMINISTRACION PUBLICA|
1.0|131520.0|0.0|4.0|SAMACA|7730|ALQUILER Y ARRENDAMIENTO DE OTROS TIPOS DE MAQUINARIA- EQUIPO Y BIENES TANGIBLES NCP|
1.0|0.0|2.0|1.0|VENTAQUEMADA|0150|EXPLOTACION MIXTA (AGRICOLA Y PECUARIA)|
1.0|1479600.0|10.0|16.0|IBAGUE|0312|PESCA DE AGUA DULCE|
1.0|0.0|0.0|8.0|PUERTO BOYACA|4111|CONSTRUCCION DE EDIFICIOS RESIDENCIALES|
1.0|32880.0|1.0|0.0|TURMEQUE|9700|ACTIVIDADES DE LOS HOGARES INDIVIDUALES COMO EMPLEADORES DE PERSONAL DOMESTICO|
1.0|164400.0|2.0|12.0|SOGAMOSO|0610|EXTRACCION DE PETROLEO CRUDO|
1.0|65760.0|0.0|2.0|SOGAMOSO|5590|OTROS TIPOS DE ALOJAMIENTO NCP|
1.0|0.0|0.0|0.0|PAIPA|7420|ACTIVIDADES DE FOTOGRAFIA|
1.0|0.0|0.0|2.0|CARTAGENA|4754|COMERCIO AL POR MENOR DE ELECTRODOMESTICOS Y GASODOMESTICOS DE USO DOMESTICO- MUEBLES Y EQUIPOS DE ILUMINACION|
2.0|65760.0|1.0|2.0|TUNJA|7710|ALQUILER Y ARRENDAMIENTO DE VEHICULOS AUTOMOTORES|
1.0|0.0|0.0|0.0|SATIVANORTE|4923|TRANSPORTE DE CARGA POR CARRETERA|
1.0|0.0|1.0|1.0|TIBASOSA|6311|PROCESAMIENTO DE DATOS- ALOJAMIENTO (HOSTING) Y ACTIVIDADES RELACIONADAS|
1.0|189100.0|0.0|8.0|RAQUIRA|0125|CULTIVO DE FLOR DE CORTE|
1.0|32880.0|1.0|0.0|SOGAMOSO|8291|ACTIVIDADES DE AGENCIAS DE COBRANZA Y OFICINAS DE CALIFICACION CREDITICIA|
1.0|0.0|1.0|2.0|TUNJA|2221|FABRICACION DE FORMAS BASICAS DE PLASTICO|
1.0|0.0|0.0|0.0|MALAGA|4921|TRANSPORTE DE PASAJEROS|
1.0|0.0|1.0|0.0|MEDELLIN|4642|COMERCIO AL POR MAYOR DE PRENDAS DE VESTIR|
1.0|65760.0|1.0|1.0|SOATA|9499|ACTIVIDADES DE OTRAS ASOCIACIONES NCP|
2.0|328800.0|6.0|9.0|SOGAMOSO|6020|ACTIVIDADES DE PROGRAMACION Y TRANSMISION DE TELEVISION|
1.0|164400.0|1.0|2.0|RAQUIRA|4644|COMERCIO AL POR MAYOR DE APARATOS Y EQUIPO DE USO DOMESTICO|
1.0|690480.0|6.0|11.0|FLORIDABLANCA|4754|COMERCIO AL POR MENOR DE ELECTRODOMESTICOS Y GASODOMESTICOS DE USO DOMESTICO- MUEBLES Y EQUIPOS DE ILUMINACION|
1.0|131520.0|0.0|2.0|CHIQUINQUIRA|1082|ELABORACION DE CACAO- CHOCOLATE Y PRODUCTOS DE CONFITERIA|
1.0|65760.0|3.0|3.0|TUNUNGUA|8621|ACTIVIDADES DE LA PRACTICA MEDICA- SIN INTERNACION|
1.0|197280.0|2.0|17.0|CERINZA|4220|CONSTRUCCION DE PROYECTOS DE SERVICIO PUBLICO|
1.0|0.0|0.0|0.0|CHIQUINQUIRA|3110|FABRICACION DE MUEBLES|
1.0|0.0|2.0|6.0|JENESANO|4631|COMERCIO AL POR MAYOR DE PRODUCTOS ALIMENTICIOS|
1.0|65760.0|1.0|0.0|GUARNE|3250|FABRICACION DE INSTRUMENTOS- APARATOS Y MATERIALES MEDICOS Y ODONTOLOGICOS (INCLUIDO MOBILIARIO)|
1.0|3222240.0|24.0|63.0|PAIPA|3700|EVACUACION Y TRATAMIENTO DE AGUAS RESIDUALES|
1.0|0.0|0.0|1.0|VENTAQUEMADA|3312|MANTENIMIENTO Y REPARACION ESPECIALIZADO DE MAQUINARIA Y EQUIPO|
1.0|197280.0|5.0|1.0|RONDON|8610|ACTIVIDADES DE HOSPITALES Y CLINICAS- CON INTERNACION|
1.0|32880.0|1.0|1.0|ENTRERRIOS|1521|FABRICACION DE CALZADO DE CUERO Y PIEL- CON CUALQUIER TIPO DE SUELA|
1.0|32880.0|3.0|2.0|MIRAFLORES|1082|ELABORACION DE CACAO- CHOCOLATE Y PRODUCTOS DE CONFITERIA|
1.0|65760.0|0.0|2.0|RAQUIRA|6120|ACTIVIDADES DE TELECOMUNICACIONES INALAMBRICAS|
1.0|37820.0|0.0|1.0|MIRAFLORES|0141|CRIA DE GANADO BOVINO Y BUFALINO|
1.0|0.0|1.0|0.0|PUERTO BOYACA|4312|PREPARACION DEL TERRENO|
1.0|164400.0|4.0|0.0|RAQUIRA|4759|COMERCIO AL POR MENOR DE OTROS ARTICULOS DOMESTICOS EN ESTABLECIMIENTOS ESPECIALIZADOS|
1.0|0.0|0.0|1.0|SANTA MARTA|4210|CONSTRUCCION DE CARRETERAS Y VIAS DE FERROCARRIL|
1.0|0.0|1.0|0.0|JERICO|9491|ACTIVIDADES DE ASOCIACIONES RELIGIOSAS|
1.0|230160.0|4.0|2.0|SOMONDOCO|8610|ACTIVIDADES DE HOSPITALES Y CLINICAS- CON INTERNACION|
1.0|0.0|1.0|0.0|NOBSA|6492|ACTIVIDADES FINANCIERAS DE FONDOS DE EMPLEADOS Y OTRAS FORMAS ASOCIATIVAS DEL SECTOR SOLIDARIO|
1.0|65760.0|0.0|0.0|CHIVATA|8423|ORDEN PUBLICO Y ACTIVIDADES DE SEGURIDAD|
1.0|690480.0|2.0|10.0|SUTATENZA|4731|COMERCIO AL POR MENOR DE COMBUSTIBLE PARA AUTOMOTORES|
1.0|164400.0|0.0|6.0|DUITAMA|2813|FABRICACION DE OTRAS BOMBAS- COMPRESORES- GRIFOS Y VALVULAS|
1.0|263040.0|7.0|0.0|LA ESTRELLA|1410|CONFECCION DE PRENDAS DE VESTIR- EXCEPTO PRENDAS DE PIEL|
1.0|32880.0|1.0|0.0|MOSQUERA|1090|ELABORACION DE ALIMENTOS PREPARADOS PARA ANIMALES|
1.0|0.0|2.0|0.0|MONIQUIRA|8415|ACTIVIDADES DE LOS OTROS ORGANOS DE CONTROL|
1.0|0.0|0.0|2.0|SANTA MARIA|5229|OTRAS ACTIVIDADES COMPLEMENTARIAS AL TRANSPORTE|
1.0|0.0|0.0|2.0|GUAYATA|4520|MANTENIMIENTO Y REPARACION DE VEHICULOS AUTOMOTORES|
1.0|328800.0|7.0|3.0|DUITAMA|1062|DESCAFEINADO- TOSTION Y MOLIENDA DEL CAFE|
2.0|0.0|12.0|3.0|TUNJA|8544|EDUCACION DE UNIVERSIDADES|
2.0|197280.0|5.0|19.0|SANTAFE DE BOGOTA|7210|INVESTIGACIONES Y DESARROLLO EXPERIMENTAL EN EL CAMPO DE LAS CIENCIAS NATURALES Y LA INGENIERIA|
1.0|98640.0|1.0|4.0|SOCHA|7729|ALQUILER Y ARRENDAMIENTO DE OTROS EFECTOS PERSONALES Y ENSERES DOMESTICOS NCP|
1.0|493200.0|0.0|15.0|PAUNA|0811|EXTRACCION DE PIEDRA- ARENA- ARCILLAS COMUNES- YESO Y ANHIDRITA|
1.0|0.0|0.0|1.0|PAUNA|4922|TRANSPORTE MIXTO|
1.0|0.0|1.0|1.0|FACATATIVA|8523|EDUCACION MEDIA TECNICA Y DE FORMACION LABORAL|
1.0|131520.0|1.0|1.0|TUNJA|5914|ACTIVIDADES DE EXHIBICION DE PELICULAS CINEMATOGRAFICAS Y VIDEOS|
1.0|164400.0|2.0|7.0|SANTANA|3600|CAPTACION- TRATAMIENTO Y DISTRIBUCION DE AGUA|
1.0|98640.0|1.0|0.0|DUITAMA|2221|FABRICACION DE FORMAS BASICAS DE PLASTICO|
1.0|0.0|0.0|0.0|PAIPA|1311|PREPARACION E HILATURA DE FIBRAS TEXTILES|
1.0|2334480.0|43.0|0.0|GUATEQUE|8522|EDUCACION MEDIA ACADEMICA|
1.0|197280.0|0.0|5.0|SANTA ROSA DE VITERBO|1511|CURTIDO Y RECURTIDO DE CUEROS- RECURTIDO Y TEÑDO DE PIELES|
1.0|230160.0|3.0|1.0|SANTAFE DE BOGOTA|2011|FABRICACION DE SUSTANCIAS Y PRODUCTOS QUIMICOS BASICOS|
1.0|65760.0|0.0|2.0|COTA|5224|MANIPULACION DE CARGA|
1.0|32880.0|1.0|1.0|GACHANTIVA|8423|ORDEN PUBLICO Y ACTIVIDADES DE SEGURIDAD|
1.0|0.0|2.0|1.0|GARAGOA|0113|CULTIVO DE HORTALIZAS- RAICES Y TUBERCULOS|
1.0|32880.0|3.0|0.0|ARMENIA|7820|ACTIVIDADES DE AGENCIAS DE EMPLEO TEMPORAL|
1.0|0.0|0.0|1.0|CORRALES|3512|TRANSMISION DE ENERGIA ELECTRICA|
1.0|18985640.0|265.0|236.0|TOCA|0121|CULTIVO DE FRUTAS TROPICALES Y SUBTROPICALES|
1.0|0.0|0.0|3.0|SOCHA|4773|COMERCIO AL POR MENOR DE PRODUCTOS FARMACEUTICOS Y MEDICINALES- COSMETICOS Y ARTICULOS DE TOCADOR EN ESTABLECIMIENTOS ESPECIALIZADOS|
1.0|0.0|0.0|1.0|SANTA SOFIA|4312|PREPARACION DEL TERRENO|
1.0|32880.0|0.0|2.0|SORACA|4663|COMERCIO AL POR MAYOR DE MATERIALES DE CONSTRUCCION- ARTICULOS DE FERRETERIA- PINTURAS- PRODUCTOS DE VIDRIO- EQUIPO Y MATERIALES DE FONTANERIA Y CALEFACCION|
1.0|0.0|1.0|0.0|SANTAFE DE BOGOTA|8130|ACTIVIDADES DE PAISAJISMO Y SERVICIOS DE MANTENIMIENTO CONEXOS|
1.0|32880.0|0.0|3.0|SOGAMOSO|2029|FABRICACION DE OTROS PRODUCTOS QUIMICOS NCP|
1.0|65760.0|1.0|0.0|CALI|4642|COMERCIO AL POR MAYOR DE PRENDAS DE VESTIR|
2.0|295920.0|5.0|8.0|NUEVO COLON|8411|ACTIVIDADES LEGISLATIVAS DE LA ADMINISTRACION PUBLICA|
5.0|295920.0|12.0|23.0|DUITAMA|1051|ELABORACION DE PRODUCTOS DE MOLINERIA|
4.0|65760.0|3.0|3.0|DUITAMA|4762|COMERCIO AL POR MENOR DE ARTICULOS DEPORTIVOS- EN ESTABLECIMIENTOS ESPECIALIZADOS|
1.0|32880.0|2.0|13.0|CHIVOR|7110|ACTIVIDADES DE ARQUITECTURA E INGENIERIA Y OTRAS ACTIVIDADES CONEXAS DE CONSULTORIA TECNICA|
3.0|32880.0|0.0|6.0|SOGAMOSO|4911|TRANSPORTE FERREO DE PASAJEROS|
2.0|113460.0|7.0|9.0|SOTAQUIRA|0161|ACTIVIDADES DE APOYO A LA AGRICULTURA|
8.0|378200.0|4.0|9.0|CHIQUINQUIRA|0150|EXPLOTACION MIXTA (AGRICOLA Y PECUARIA)|
8.0|263040.0|11.0|3.0|CHIQUINQUIRA|8621|ACTIVIDADES DE LA PRACTICA MEDICA- SIN INTERNACION|
14.0|2893440.0|28.0|46.0|TUNJA|4721|COMERCIO AL POR MENOR DE PRODUCTOS AGRICOLAS PARA EL CONSUMO EN ESTABLECIMIENTOS ESPECIALIZADOS|
1.0|0.0|0.0|2.0|PUERTO BOYACA|8121|LIMPIEZA GENERAL INTERIOR DE EDIFICIOS|
3.0|230160.0|2.0|0.0|MUZO|4731|COMERCIO AL POR MENOR DE COMBUSTIBLE PARA AUTOMOTORES|
3.0|263040.0|5.0|14.0|SANTAFE DE BOGOTA|8412|ACTIVIDADES EJECUTIVAS DE LA ADMINISTRACION PUBLICA|
1.0|0.0|1.0|1.0|TUNJA|8219|FOTOCOPIADO- PREPARACION DE DOCUMENTOS Y OTRAS ACTIVIDADES ESPECIALIZADAS DE APOYO A OFICINA|
1.0|0.0|0.0|0.0|PAEZ|4759|COMERCIO AL POR MENOR DE OTROS ARTICULOS DOMESTICOS EN ESTABLECIMIENTOS ESPECIALIZADOS|
3.0|230160.0|4.0|9.0|SOGAMOSO|2012|FABRICACION DE ABONOS Y COMPUESTOS INORGANICOS NITROGENADOS|
7.0|4833360.0|43.0|108.0|NOBSA|7110|ACTIVIDADES DE ARQUITECTURA E INGENIERIA Y OTRAS ACTIVIDADES CONEXAS DE CONSULTORIA TECNICA|
4.0|2531760.0|101.0|1.0|DUITAMA|8890|OTRAS ACTIVIDADES DE ASISTENCIA SOCIAL SIN ALOJAMIENTO|
3.0|197280.0|2.0|7.0|MACANAL|9499|ACTIVIDADES DE OTRAS ASOCIACIONES NCP|
8.0|394560.0|24.0|45.0|TUNJA|6311|PROCESAMIENTO DE DATOS- ALOJAMIENTO (HOSTING) Y ACTIVIDADES RELACIONADAS|
1.0|65760.0|0.0|1.0|SOCORRO|4721|COMERCIO AL POR MENOR DE PRODUCTOS AGRICOLAS PARA EL CONSUMO EN ESTABLECIMIENTOS ESPECIALIZADOS|
17.0|10653120.0|419.0|86.0|SOGAMOSO|8692|ACTIVIDADES DE APOYO TERAPEUTICO|
2.0|65760.0|2.0|2.0|MONIQUIRA|4729|COMERCIO AL POR MENOR DE OTROS PRODUCTOS ALIMENTICIOS NCP- EN ESTABLECIMIENTOS ESPECIALIZADOS|
1.0|328800.0|1.0|15.0|SOACHA|4111|CONSTRUCCION DE EDIFICIOS RESIDENCIALES|
7.0|328800.0|15.0|8.0|PUERTO BOYACA|4773|COMERCIO AL POR MENOR DE PRODUCTOS FARMACEUTICOS Y MEDICINALES- COSMETICOS Y ARTICULOS DE TOCADOR EN ESTABLECIMIENTOS ESPECIALIZADOS|
1.0|32880.0|0.0|1.0|SANTAFE DE BOGOTA|2599|FABRICACION DE OTROS PRODUCTOS ELABORADOS DE METAL NCP|
1.0|37820.0|1.0|1.0|PUERTO BOYACA|0144|CRIA DE GANADO PORCINO|
1.0|189100.0|0.0|6.0|MARIPI|0121|CULTIVO DE FRUTAS TROPICALES Y SUBTROPICALES|
1.0|0.0|1.0|0.0|ZETAQUIRA|9700|ACTIVIDADES DE LOS HOGARES INDIVIDUALES COMO EMPLEADORES DE PERSONAL DOMESTICO|
1.0|0.0|0.0|0.0|YOPAL|6110|ACTIVIDADES DE TELECOMUNICACIONES ALAMBRICAS|
9.0|1644000.0|48.0|74.0|SANTAFE DE BOGOTA|4112|CONSTRUCCION DE EDIFICIOS NO RESIDENCIALES|
2.0|920640.0|18.0|6.0|TOCANCIPA|2023|FABRICACION DE JABONES Y DETERGENTES- PREPARADOS PARA LIMPIAR Y PULIR- PERFUMES Y PREPARADOS DE TOCADOR|
5.0|1545360.0|5.0|49.0|SANTAFE DE BOGOTA|4723|COMERCIO AL POR MENOR DE CARNES (INCLUYE AVES DE CORRAL)- PRODUCTOS CARNICOS- PESCADOS Y PRODUCTOS DE MAR- EN ESTABLECIMIENTOS ESPECIALIZADOS|
1.0|32880.0|0.0|1.0|CUBARA|5611|EXPENDIO A LA MESA DE COMIDAS PREPARADAS|
1.0|0.0|0.0|0.0|PUERTO BOYACA|4799|OTROS TIPOS DE COMERCIO AL POR MENOR NO REALIZADO EN ESTABLECIMIENTOS- PUESTOS DE VENTA O MERCADOS|
1.0|0.0|1.0|3.0|SOGAMOSO|4662|COMERCIO AL POR MAYOR DE METALES Y PRODUCTOS METALIFEROS|
3.0|98640.0|3.0|4.0|SANTAFE DE BOGOTA|4752|COMERCIO AL POR MENOR DE ARTICULOS DE FERRETERIA- PINTURAS Y PRODUCTOS DE VIDRIO EN ESTABLECIMIENTOS ESPECIALIZADOS|
9.0|20484240.0|665.0|392.0|TUNJA|6412|BANCOS COMERCIALES|
3.0|690480.0|16.0|17.0|BELEN|8411|ACTIVIDADES LEGISLATIVAS DE LA ADMINISTRACION PUBLICA|
8.0|1578240.0|20.0|22.0|SANTAFE DE BOGOTA|4754|COMERCIO AL POR MENOR DE ELECTRODOMESTICOS Y GASODOMESTICOS DE USO DOMESTICO- MUEBLES Y EQUIPOS DE ILUMINACION|
1.0|131520.0|1.0|1.0|LA DORADA|9411|ACTIVIDADES DE ASOCIACIONES EMPRESARIALES Y DE EMPLEADORES|
2.0|98640.0|1.0|6.0|SANTAFE DE BOGOTA|5811|EDICION DE LIBROS|
1.0|197280.0|1.0|9.0|SOGAMOSO|8541|EDUCACION TECNICA PROFESIONAL|
1.0|493200.0|2.0|15.0|VILLA DE SAN DIEGO DE UBATE|4661|COMERCIO AL POR MAYOR DE COMBUSTIBLES SOLIDOS- LIQUIDOS- GASEOSOS Y PRODUCTOS CONEXOS|
1.0|32880.0|1.0|0.0|CUITIVA|3600|CAPTACION- TRATAMIENTO Y DISTRIBUCION DE AGUA|
1.0|98640.0|0.0|1.0|TUTA|4661|COMERCIO AL POR MAYOR DE COMBUSTIBLES SOLIDOS- LIQUIDOS- GASEOSOS Y PRODUCTOS CONEXOS|
1.0|32880.0|2.0|3.0|PAUNA|8610|ACTIVIDADES DE HOSPITALES Y CLINICAS- CON INTERNACION|
1.0|32880.0|3.0|3.0|MONGUI|8610|ACTIVIDADES DE HOSPITALES Y CLINICAS- CON INTERNACION|
1.0|32880.0|0.0|3.0|PAUNA|0820|EXTRACCION DE ESMERALDAS- PIEDRAS PRECIOSAS Y SEMIPRECIOSAS|
2.0|1052160.0|23.0|12.0|TUNJA|1052|ELABORACION DE ALMIDONES Y PRODUCTOS DERIVADOS DEL ALMIDON|
2.0|0.0|2.0|1.0|DUITAMA|0130|PROPAGACION DE PLANTAS (ACTIVIDADES DE LOS VIVEROS- EXCEPTO VIVEROS FORESTALES)|
1.0|0.0|0.0|1.0|PAIPA|7010|ACTIVIDADES DE ADMINISTRACION EMPRESARIAL|
1.0|32880.0|0.0|1.0|MOSQUERA|4321|INSTALACIONES ELECTRICAS|
6.0|361680.0|14.0|10.0|SOGAMOSO|4772|COMERCIO AL POR MENOR DE TODO TIPO DE CALZADO Y ARTICULOS DE CUERO Y SUCEDANEOS DEL CUERO EN ESTABLECIMIENTOS ESPECIALIZADOS|
1.0|0.0|0.0|1.0|BRICENO|4711|COMERCIO AL POR MENOR EN ESTABLECIMIENTOS NO ESPECIALIZADOS CON SURTIDO COMPUESTO PRINCIPALMENTE POR ALIMENTOS- BEBIDAS O TABACO|
18.0|14434320.0|154.0|439.0|DUITAMA|8299|OTRAS ACTIVIDADES DE SERVICIO DE APOYO A LAS EMPRESAS NCP|
1.0|32880.0|1.0|0.0|TUNJA|6522|SERVICIOS DE SEGUROS SOCIALES DE RIESGOS PROFESIONALES|
3.0|1348080.0|2.0|66.0|SAN MATEO|0510|EXTRACCION DE HULLA (CARBON DE PIEDRA)|
6.0|7759680.0|195.0|103.0|MEDELLIN|7810|ACTIVIDADES DE AGENCIAS DE EMPLEO|
1.0|164400.0|3.0|1.0|TOPAGA|9491|ACTIVIDADES DE ASOCIACIONES RELIGIOSAS|
5.0|453840.0|2.0|12.0|SIMIJACA|0141|CRIA DE GANADO BOVINO Y BUFALINO|
2.0|427440.0|4.0|16.0|CHIQUINQUIRA|4620|COMERCIO AL POR MAYOR DE MATERIAS PRIMAS AGROPECUARIAS- ANIMALES VIVOS|
12.0|16703040.0|40.0|466.0|SANTAFE DE BOGOTA|4921|TRANSPORTE DE PASAJEROS|
3.0|65760.0|2.0|0.0|PAZ DEL RIO|4711|COMERCIO AL POR MENOR EN ESTABLECIMIENTOS NO ESPECIALIZADOS CON SURTIDO COMPUESTO PRINCIPALMENTE POR ALIMENTOS- BEBIDAS O TABACO|
1.0|164400.0|0.0|4.0|SAMACA|4542|MANTENIMIENTO Y REPARACION DE MOTOCICLETAS Y DE SUS PARTES Y PIEZAS|
1.0|0.0|0.0|0.0|CORRALES|4663|COMERCIO AL POR MAYOR DE MATERIALES DE CONSTRUCCION- ARTICULOS DE FERRETERIA- PINTURAS- PRODUCTOS DE VIDRIO- EQUIPO Y MATERIALES DE FONTANERIA Y CALEFACCION|
2.0|263040.0|7.0|3.0|VILLA DE LEYVA|1081|ELABORACION DE PRODUCTOS DE PANADERIA|
4.0|1134600.0|39.0|74.0|CHIQUINQUIRA|0162|ACTIVIDADES DE APOYO A LA GANADERIA|
1.0|361680.0|3.0|19.0|TUNUNGUA|4290|CONSTRUCCION DE OTRAS OBRAS DE INGENIERIA CIVIL|
1.0|0.0|3.0|1.0|SOCHA|0149|CRIA DE OTROS ANIMALES NCP|
1.0|98640.0|1.0|0.0|VILLAVICENCIO|7110|ACTIVIDADES DE ARQUITECTURA E INGENIERIA Y OTRAS ACTIVIDADES CONEXAS DE CONSULTORIA TECNICA|
1.0|0.0|1.0|0.0|VILLA DE LEYVA|5221|ACTIVIDADES DE ESTACIONES- VIAS Y SERVICIOS COMPLEMENTARIOS PARA EL TRANSPORTE TERRESTRE|
2.0|1249440.0|23.0|24.0|SOGAMOSO|0312|PESCA DE AGUA DULCE|
1.0|0.0|1.0|2.0|AQUITANIA|4721|COMERCIO AL POR MENOR DE PRODUCTOS AGRICOLAS PARA EL CONSUMO EN ESTABLECIMIENTOS ESPECIALIZADOS|
1.0|2926320.0|19.0|78.0|SOTAQUIRA|2392|FABRICACION DE MATERIALES DE ARCILLA PARA LA CONSTRUCCION|
1.0|986400.0|11.0|32.0|GUATEQUE|1011|PROCESAMIENTO Y CONSERVACION DE CARNE Y PRODUCTOS CARNICOS|
1.0|164400.0|0.0|4.0|RIONEGRO|7210|INVESTIGACIONES Y DESARROLLO EXPERIMENTAL EN EL CAMPO DE LAS CIENCIAS NATURALES Y LA INGENIERIA|
7.0|4899120.0|103.0|100.0|TUNJA|9603|POMPAS FUNEBRES Y ACTIVIDADES RELACIONADAS|
4.0|230160.0|0.0|7.0|CHIQUINQUIRA|4723|COMERCIO AL POR MENOR DE CARNES (INCLUYE AVES DE CORRAL)- PRODUCTOS CARNICOS- PESCADOS Y PRODUCTOS DE MAR- EN ESTABLECIMIENTOS ESPECIALIZADOS|
4.0|1315200.0|5.0|19.0|PAIPA|0811|EXTRACCION DE PIEDRA- ARENA- ARCILLAS COMUNES- YESO Y ANHIDRITA|
1.0|0.0|3.0|4.0|AQUITANIA|6190|OTRAS ACTIVIDADES DE TELECOMUNICACIONES|
3.0|263040.0|0.0|2.0|NOBSA|0510|EXTRACCION DE HULLA (CARBON DE PIEDRA)|
1.0|65760.0|0.0|4.0|TOCANCIPA|4923|TRANSPORTE DE CARGA POR CARRETERA|
8.0|13678080.0|315.0|170.0|BUCARAMANGA|7810|ACTIVIDADES DE AGENCIAS DE EMPLEO|
2.0|263040.0|8.0|4.0|TOTA|8412|ACTIVIDADES EJECUTIVAS DE LA ADMINISTRACION PUBLICA|
2.0|32880.0|1.0|2.0|TUNJA|1103|PRODUCCION DE MALTA- ELABORACION DE CERVEZAS Y OTRAS BEBIDAS MALTEADAS|
6.0|263040.0|10.0|6.0|PAIPA|9491|ACTIVIDADES DE ASOCIACIONES RELIGIOSAS|
2.0|98640.0|13.0|13.0|GUAYATA|8411|ACTIVIDADES LEGISLATIVAS DE LA ADMINISTRACION PUBLICA|
7.0|1183680.0|17.0|20.0|SANTAFE DE BOGOTA|4322|INSTALACIONES DE FONTANERIA- CALEFACCION Y AIRE ACONDICIONADO|
1.0|65760.0|1.0|2.0|CHIQUINQUIRA|4643|COMERCIO AL POR MAYOR DE CALZADO|
5.0|328800.0|13.0|14.0|SOGAMOSO|4541|COMERCIO DE MOTOCICLETAS Y DE SUS PARTES- PIEZAS Y ACCESORIOS|
5.0|427440.0|9.0|11.0|PAIPA|8413|REGULACION DE LAS ACTIVIDADES DE ORGANISMOS QUE PRESTAN SERVICIOS DE SALUD- EDUCATIVOS- CULTURALES Y OTROS SERVICIOS SOCIALES- EXCEPTO SERVICIOS DE SEGURIDAD SOCIAL|
1.0|0.0|4.0|7.0|SANTA MARIA|8512|EDUCACION PREESCOLAR|
2.0|526080.0|2.0|8.0|BARRANQUILLA|8010|ACTIVIDADES DE SEGURIDAD PRIVADA|
2.0|0.0|1.0|1.0|CHIQUINQUIRA|7010|ACTIVIDADES DE ADMINISTRACION EMPRESARIAL|
5.0|2005680.0|6.0|66.0|SOGAMOSO|3830|RECUPERACION DE MATERIALES|
2.0|98640.0|2.0|4.0|TUNJA|9512|MANTENIMIENTO Y REPARACION DE EQUIPOS DE COMUNICACION|
3.0|65760.0|2.0|2.0|SUTAMARCHAN|6910|ACTIVIDADES JURIDICAS|
5.0|263040.0|2.0|5.0|SOTAQUIRA|9700|ACTIVIDADES DE LOS HOGARES INDIVIDUALES COMO EMPLEADORES DE PERSONAL DOMESTICO|
11.0|690480.0|29.0|5.0|CHIQUINQUIRA|4771|COMERCIO AL POR MENOR DE PRENDAS DE VESTIR Y SUS ACCESORIOS (INCLUYE ARTICULOS DE PIEL) EN ESTABLECIMIENTOS ESPECIALIZADOS|
1.0|0.0|0.0|0.0|GARAGOA|4311|DEMOLICION|
1.0|0.0|0.0|1.0|SOATA|0510|EXTRACCION DE HULLA (CARBON DE PIEDRA)|
2.0|230160.0|3.0|4.0|NOBSA|1630|FABRICACION DE PARTES Y PIEZAS DE MADERA- DE CARPINTERIA Y EBANISTERIA PARA LA CONSTRUCCION|
1.0|0.0|2.0|4.0|BUCARAMANGA|4711|COMERCIO AL POR MENOR EN ESTABLECIMIENTOS NO ESPECIALIZADOS CON SURTIDO COMPUESTO PRINCIPALMENTE POR ALIMENTOS- BEBIDAS O TABACO|
1.0|98640.0|4.0|2.0|TIBIRITA|5513|ALOJAMIENTO EN CENTROS VACACIONALES|
2.0|98640.0|4.0|1.0|PUERTO BOYACA|8622|ACTIVIDADES DE LA PRACTICA ODONTOLOGICA|
1.0|65760.0|2.0|0.0|SOGAMOSO|6619|OTRAS ACTIVIDADES AUXILIARES DE LAS ACTIVIDADES DE SERVICIOS FINANCIEROS NCP|
2.0|98640.0|2.0|0.0|TUNJA|6493|ACTIVIDADES DE COMPRA DE CARTERA O FACTORING|
4.0|1545360.0|11.0|36.0|PAIPA|4921|TRANSPORTE DE PASAJEROS|
3.0|230160.0|6.0|4.0|SANTAFE DE BOGOTA|1081|ELABORACION DE PRODUCTOS DE PANADERIA|
1.0|164400.0|6.0|4.0|CUCAITA|8610|ACTIVIDADES DE HOSPITALES Y CLINICAS- CON INTERNACION|
1.0|0.0|0.0|1.0|TUNJA|2811|FABRICACION DE MOTORES- TURBINAS- Y PARTES PARA MOTORES DE COMBUSTION INTERNA|
2.0|98640.0|1.0|7.0|PAZ DEL RIO|7110|ACTIVIDADES DE ARQUITECTURA E INGENIERIA Y OTRAS ACTIVIDADES CONEXAS DE CONSULTORIA TECNICA|
2.0|558960.0|16.0|1.0|PAZ DEL RIO|8890|OTRAS ACTIVIDADES DE ASISTENCIA SOCIAL SIN ALOJAMIENTO|
1.0|65760.0|1.0|27.0|FUNZA|4111|CONSTRUCCION DE EDIFICIOS RESIDENCIALES|
1.0|65760.0|1.0|0.0|RAMIRIQUI|4775|COMERCIO AL POR MENOR DE ARTICULOS DE SEGUNDA MANO|
1.0|131520.0|4.0|5.0|TOPAGA|7730|ALQUILER Y ARRENDAMIENTO DE OTROS TIPOS DE MAQUINARIA- EQUIPO Y BIENES TANGIBLES NCP|
1.0|131520.0|1.0|2.0|COMBITA|4664|COMERCIO AL POR MAYOR DE PRODUCTOS QUIMICOS BASICOS- CAUCHOS Y PLASTICOS EN FORMAS PRIMARIAS Y PRODUCTOS QUIMICOS DE USO AGROPECUARIO|
3.0|98640.0|2.0|1.0|GUATEQUE|6910|ACTIVIDADES JURIDICAS|
2.0|98640.0|1.0|3.0|SOCHA|6810|ACTIVIDADES INMOBILIARIAS REALIZADAS CON BIENES PROPIOS O ARRENDADOS|
1.0|65760.0|0.0|1.0|MONIQUIRA|4751|COMERCIO AL POR MENOR DE PRODUCTOS TEXTILES EN ESTABLECIMIENTOS ESPECIALIZADOS|
2.0|920640.0|15.0|13.0|ARCABUCO|8411|ACTIVIDADES LEGISLATIVAS DE LA ADMINISTRACION PUBLICA|
1.0|98640.0|1.0|4.0|PUERTO BOYACA|4652|COMERCIO AL POR MAYOR DE EQUIPO- PARTES Y PIEZAS ELECTRONICOS Y DE TELECOMUNICACIONES|
4.0|526080.0|8.0|6.0|TUTA|9499|ACTIVIDADES DE OTRAS ASOCIACIONES NCP|
1.0|0.0|1.0|0.0|AQUITANIA|5611|EXPENDIO A LA MESA DE COMIDAS PREPARADAS|
1.0|197280.0|7.0|8.0|GUATEQUE|4773|COMERCIO AL POR MENOR DE PRODUCTOS FARMACEUTICOS Y MEDICINALES- COSMETICOS Y ARTICULOS DE TOCADOR EN ESTABLECIMIENTOS ESPECIALIZADOS|
4.0|164400.0|4.0|6.0|MEDELLIN|4530|COMERCIO DE PARTES- PIEZAS (AUTOPARTES) Y ACCESORIOS (LUJOS) PARA VEHICULOS AUTOMOTORES|
1.0|113460.0|0.0|3.0|TARSO|0161|ACTIVIDADES DE APOYO A LA AGRICULTURA|
2.0|197280.0|2.0|4.0|SOGAMOSO|9319|OTRAS ACTIVIDADES DEPORTIVAS|
6.0|2827680.0|51.0|47.0|DUITAMA|8121|LIMPIEZA GENERAL INTERIOR DE EDIFICIOS|
1.0|2992080.0|38.0|182.0|PAZ DEL RIO|4210|CONSTRUCCION DE CARRETERAS Y VIAS DE FERROCARRIL|
1.0|558960.0|16.0|0.0|JENESANO|8890|OTRAS ACTIVIDADES DE ASISTENCIA SOCIAL SIN ALOJAMIENTO|
1.0|493200.0|14.0|0.0|COPER|8890|OTRAS ACTIVIDADES DE ASISTENCIA SOCIAL SIN ALOJAMIENTO|
1.0|98640.0|4.0|3.0|CERINZA|3600|CAPTACION- TRATAMIENTO Y DISTRIBUCION DE AGUA|
1.0|65760.0|0.0|2.0|CIENEGA|4731|COMERCIO AL POR MENOR DE COMBUSTIBLE PARA AUTOMOTORES|
2.0|32880.0|2.0|1.0|CUCAITA|9700|ACTIVIDADES DE LOS HOGARES INDIVIDUALES COMO EMPLEADORES DE PERSONAL DOMESTICO|
2.0|230160.0|0.0|6.0|MONIQUIRA|9603|POMPAS FUNEBRES Y ACTIVIDADES RELACIONADAS|
1.0|0.0|1.0|0.0|TASCO|9700|ACTIVIDADES DE LOS HOGARES INDIVIDUALES COMO EMPLEADORES DE PERSONAL DOMESTICO|
1.0|0.0|0.0|0.0|IBAGUE|8010|ACTIVIDADES DE SEGURIDAD PRIVADA|
1.0|0.0|0.0|0.0|GIRON|1312|TEJEDURIA DE PRODUCTOS TEXTILES|
1.0|164400.0|2.0|5.0|VILLA DE LEYVA|9329|OTRAS ACTIVIDADES RECREATIVAS Y DE ESPARCIMIENTO NCP|
1.0|0.0|0.0|0.0|CHIVATA|2392|FABRICACION DE MATERIALES DE ARCILLA PARA LA CONSTRUCCION|
4.0|2235840.0|24.0|85.0|NOBSA|4290|CONSTRUCCION DE OTRAS OBRAS DE INGENIERIA CIVIL|
1.0|65760.0|13.0|3.0|SAN LUIS DE GACENO|8610|ACTIVIDADES DE HOSPITALES Y CLINICAS- CON INTERNACION|
1.0|65760.0|1.0|2.0|SOATA|4663|COMERCIO AL POR MAYOR DE MATERIALES DE CONSTRUCCION- ARTICULOS DE FERRETERIA- PINTURAS- PRODUCTOS DE VIDRIO- EQUIPO Y MATERIALES DE FONTANERIA Y CALEFACCION|
1.0|98640.0|0.0|3.0|CHIQUINQUIRA|7410|ACTIVIDADES ESPECIALIZADAS DE DISEÑ|
1.0|65760.0|3.0|1.0|BUCARAMANGA|1630|FABRICACION DE PARTES Y PIEZAS DE MADERA- DE CARPINTERIA Y EBANISTERIA PARA LA CONSTRUCCION|
1.0|0.0|0.0|0.0|SOGAMOSO|8211|ACTIVIDADES COMBINADAS DE SERVICIOS ADMINISTRATIVOS DE OFICINA|
1.0|197280.0|2.0|2.0|BOAVITA|9491|ACTIVIDADES DE ASOCIACIONES RELIGIOSAS|
1.0|32880.0|0.0|2.0|GUICAN|9491|ACTIVIDADES DE ASOCIACIONES RELIGIOSAS|
1.0|0.0|0.0|1.0|TUTA|0150|EXPLOTACION MIXTA (AGRICOLA Y PECUARIA)|
1.0|263040.0|6.0|2.0|SAMACA|5511|ALOJAMIENTO EN HOTELES|
2.0|230160.0|2.0|2.0|SANTAFE DE BOGOTA|1011|PROCESAMIENTO Y CONSERVACION DE CARNE Y PRODUCTOS CARNICOS|
1.0|0.0|1.0|0.0|PUERTO BOYACA|5629|ACTIVIDADES DE OTROS SERVICIOS DE COMIDAS|
3.0|32880.0|1.0|9.0|SOGAMOSO|7710|ALQUILER Y ARRENDAMIENTO DE VEHICULOS AUTOMOTORES|
3.0|65760.0|2.0|2.0|SANTAFE DE BOGOTA|7220|INVESTIGACIONES Y DESARROLLO EXPERIMENTAL EN EL CAMPO DE LAS CIENCIAS SOCIALES Y LAS HUMANIDADES|
1.0|0.0|0.0|1.0|MEDELLIN|9700|ACTIVIDADES DE LOS HOGARES INDIVIDUALES COMO EMPLEADORES DE PERSONAL DOMESTICO|
1.0|0.0|2.0|0.0|CUBARA|4620|COMERCIO AL POR MAYOR DE MATERIAS PRIMAS AGROPECUARIAS- ANIMALES VIVOS|
1.0|98640.0|0.0|2.0|DUITAMA|4542|MANTENIMIENTO Y REPARACION DE MOTOCICLETAS Y DE SUS PARTES Y PIEZAS|
2.0|197280.0|2.0|6.0|RAMIRIQUI|6190|OTRAS ACTIVIDADES DE TELECOMUNICACIONES|
1.0|0.0|1.0|0.0|SAN EDUARDO|9491|ACTIVIDADES DE ASOCIACIONES RELIGIOSAS|
1.0|65760.0|4.0|4.0|SANTAFE DE BOGOTA|4755|COMERCIO AL POR MENOR DE ARTICULOS Y UTENSILIOS DE USO DOMESTICO|
1.0|0.0|1.0|0.0|LA UVITA|9700|ACTIVIDADES DE LOS HOGARES INDIVIDUALES COMO EMPLEADORES DE PERSONAL DOMESTICO|
1.0|98640.0|1.0|0.0|SAMACA|7020|ACTIVIDADES DE CONSULTARIA DE GESTION|
2.0|98640.0|3.0|0.0|PAIPA|4771|COMERCIO AL POR MENOR DE PRENDAS DE VESTIR Y SUS ACCESORIOS (INCLUYE ARTICULOS DE PIEL) EN ESTABLECIMIENTOS ESPECIALIZADOS|
1.0|65760.0|1.0|0.0|SANTAFE DE BOGOTA|7911|ACTIVIDADES DE LAS AGENCIAS DE VIAJE|
1.0|361680.0|10.0|1.0|COTA|1089|ELABORACION DE OTROS PRODUCTOS ALIMENTICIOS NCP|
1.0|1413840.0|1.0|45.0|SOCHA|4921|TRANSPORTE DE PASAJEROS|
2.0|3222240.0|152.0|82.0|SOGAMOSO|8411|ACTIVIDADES LEGISLATIVAS DE LA ADMINISTRACION PUBLICA|
1.0|0.0|1.0|0.0|CORRALES|6630|ACTIVIDADES DE ADMINISTRACION DE FONDOS|
2.0|37820.0|0.0|2.0|GARAGOA|0150|EXPLOTACION MIXTA (AGRICOLA Y PECUARIA)|
1.0|0.0|1.0|0.0|IBAGUE|4773|COMERCIO AL POR MENOR DE PRODUCTOS FARMACEUTICOS Y MEDICINALES- COSMETICOS Y ARTICULOS DE TOCADOR EN ESTABLECIMIENTOS ESPECIALIZADOS|
1.0|32880.0|0.0|2.0|BUENAVISTA|3600|CAPTACION- TRATAMIENTO Y DISTRIBUCION DE AGUA|
1.0|0.0|0.0|2.0|PAYA|0141|CRIA DE GANADO BOVINO Y BUFALINO|
1.0|197280.0|1.0|2.0|PAIPA|2432|FUNDICION DE METALES NO FERROSOS|
1.0|624720.0|3.0|18.0|SOGAMOSO|3514|COMERCIALIZACION DE ENERGIA ELECTRICA|
2.0|32880.0|2.0|0.0|BUCARAMANGA|3250|FABRICACION DE INSTRUMENTOS- APARATOS Y MATERIALES MEDICOS Y ODONTOLOGICOS (INCLUIDO MOBILIARIO)|
1.0|558960.0|9.0|24.0|SAMACA|4664|COMERCIO AL POR MAYOR DE PRODUCTOS QUIMICOS BASICOS- CAUCHOS Y PLASTICOS EN FORMAS PRIMARIAS Y PRODUCTOS QUIMICOS DE USO AGROPECUARIO|
1.0|1019280.0|10.0|17.0|SOCHA|8411|ACTIVIDADES LEGISLATIVAS DE LA ADMINISTRACION PUBLICA|
1.0|0.0|0.0|1.0|RAMIRIQUI|0144|CRIA DE GANADO PORCINO|
2.0|1183680.0|29.0|15.0|UMBITA|4620|COMERCIO AL POR MAYOR DE MATERIAS PRIMAS AGROPECUARIAS- ANIMALES VIVOS|
1.0|65760.0|2.0|1.0|LA CAPILLA|9491|ACTIVIDADES DE ASOCIACIONES RELIGIOSAS|
1.0|0.0|0.0|1.0|SAN JOSE DE PARE|7110|ACTIVIDADES DE ARQUITECTURA E INGENIERIA Y OTRAS ACTIVIDADES CONEXAS DE CONSULTORIA TECNICA|
4.0|624720.0|10.0|26.0|DUITAMA|7120|ENSAYOS Y ANALISIS TECNICOS|
1.0|75640.0|0.0|1.0|ARCABUCO|0119|OTROS CULTIVOS TRANSITORIOS NCP|
2.0|98640.0|0.0|3.0|MEDELLIN|6202|ACTIVIDADES DE CONSULTORIA INFORMATICA Y ACTIVIDADES DE ADMINISTRACION DE INSTALACIONES INFORMATICAS|
2.0|854880.0|18.0|12.0|TUNJA|6521|SERVICIOS DE SEGUROS SOCIALES DE SALUD|
1.0|0.0|0.0|1.0|CUCAITA|3600|CAPTACION- TRATAMIENTO Y DISTRIBUCION DE AGUA|
1.0|0.0|0.0|1.0|TUNJA|2651|FABRICACION DE EQUIPO DE MEDICION- PRUEBA- NAVEGACION Y CONTROL|
1.0|526080.0|14.0|6.0|CALI|4719|COMERCIO AL POR MENOR EN ESTABLECIMIENTOS NO ESPECIALIZADOS- CON SURTIDO COMPUESTO PRINCIPALMENTE POR PRODUCTOS DIFERENTES DE ALIMENTOS (VIVERES EN GENERAL)- BEBIDAS Y TABACO|
1.0|32880.0|0.0|1.0|SORA|5621|CATERING PARA EVENTOS|
3.0|131520.0|2.0|4.0|SOGAMOSO|4311|DEMOLICION|
3.0|65760.0|1.0|1.0|SANTAFE DE BOGOTA|4759|COMERCIO AL POR MENOR DE OTROS ARTICULOS DOMESTICOS EN ESTABLECIMIENTOS ESPECIALIZADOS|
1.0|98640.0|1.0|0.0|NEIVA|8121|LIMPIEZA GENERAL INTERIOR DE EDIFICIOS|
1.0|0.0|1.0|0.0|PACHAVITA|8730|ACTIVIDADES DE ATENCION EN INSTITUCIONES PARA EL CUIDADO DE PERSONAS MAYORES Y/O DISCAPACITADAS|
1.0|131520.0|3.0|0.0|MONGUI|4711|COMERCIO AL POR MENOR EN ESTABLECIMIENTOS NO ESPECIALIZADOS CON SURTIDO COMPUESTO PRINCIPALMENTE POR ALIMENTOS- BEBIDAS O TABACO|
1.0|0.0|1.0|0.0|SAMACA|6492|ACTIVIDADES FINANCIERAS DE FONDOS DE EMPLEADOS Y OTRAS FORMAS ASOCIATIVAS DEL SECTOR SOLIDARIO|
2.0|460320.0|13.0|9.0|CIENEGA|8411|ACTIVIDADES LEGISLATIVAS DE LA ADMINISTRACION PUBLICA|
1.0|32880.0|0.0|3.0|PEREIRA|4644|COMERCIO AL POR MAYOR DE APARATOS Y EQUIPO DE USO DOMESTICO|
1.0|0.0|17.0|11.0|OTANCHE|8610|ACTIVIDADES DE HOSPITALES Y CLINICAS- CON INTERNACION|
1.0|0.0|0.0|0.0|LA VICTORIA|8411|ACTIVIDADES LEGISLATIVAS DE LA ADMINISTRACION PUBLICA|
1.0|0.0|1.0|0.0|SANTAFE DE BOGOTA|1521|FABRICACION DE CALZADO DE CUERO Y PIEL- CON CUALQUIER TIPO DE SUELA|
1.0|295920.0|1.0|3.0|SIACHOQUE|4754|COMERCIO AL POR MENOR DE ELECTRODOMESTICOS Y GASODOMESTICOS DE USO DOMESTICO- MUEBLES Y EQUIPOS DE ILUMINACION|
1.0|0.0|0.0|0.0|COTA|0910|ACTIVIDADES DE APOYO PARA LA EXTRACCION DE PETROLEO Y DE GAS NATURAL|
1.0|75640.0|0.0|3.0|CUCAITA|0113|CULTIVO DE HORTALIZAS- RAICES Y TUBERCULOS|
2.0|1085040.0|24.0|14.0|RAMIRIQUI|8411|ACTIVIDADES LEGISLATIVAS DE LA ADMINISTRACION PUBLICA|
1.0|394560.0|12.0|9.0|RAQUIRA|8411|ACTIVIDADES LEGISLATIVAS DE LA ADMINISTRACION PUBLICA|
1.0|65760.0|1.0|0.0|SUTATENZA|9491|ACTIVIDADES DE ASOCIACIONES RELIGIOSAS|
2.0|65760.0|3.0|3.0|PUERTO BOYACA|4751|COMERCIO AL POR MENOR DE PRODUCTOS TEXTILES EN ESTABLECIMIENTOS ESPECIALIZADOS|
2.0|65760.0|9.0|2.0|CHIQUINQUIRA|8512|EDUCACION PREESCOLAR|
2.0|1413840.0|33.0|43.0|DUITAMA|7830|OTRAS ACTIVIDADES DE SUMINISTRO DE RECURSO HUMANO|
1.0|0.0|0.0|1.0|SIACHOQUE|6202|ACTIVIDADES DE CONSULTORIA INFORMATICA Y ACTIVIDADES DE ADMINISTRACION DE INSTALACIONES INFORMATICAS|
1.0|263040.0|0.0|6.0|ARCABUCO|3600|CAPTACION- TRATAMIENTO Y DISTRIBUCION DE AGUA|
1.0|0.0|0.0|0.0|BELEN|7310|PUBLICIDAD|
1.0|65760.0|2.0|1.0|TENZA|6810|ACTIVIDADES INMOBILIARIAS REALIZADAS CON BIENES PROPIOS O ARRENDADOS|
3.0|131520.0|1.0|6.0|SANTAFE DE BOGOTA|6110|ACTIVIDADES DE TELECOMUNICACIONES ALAMBRICAS|
1.0|75640.0|1.0|0.0|BOYACA|0141|CRIA DE GANADO BOVINO Y BUFALINO|
1.0|0.0|0.0|3.0|SANTAFE DE BOGOTA|4930|TRANSPORTE POR TUBERIAS|
1.0|0.0|0.0|1.0|TINJACA|0113|CULTIVO DE HORTALIZAS- RAICES Y TUBERCULOS|
1.0|230160.0|1.0|5.0|BARRANQUILLA|3312|MANTENIMIENTO Y REPARACION ESPECIALIZADO DE MAQUINARIA Y EQUIPO|
1.0|65760.0|1.0|0.0|FUNZA|3290|OTRAS INDUSTRIAS MANUFACTURERAS NCP|
1.0|230160.0|11.0|2.0|SACHICA|8610|ACTIVIDADES DE HOSPITALES Y CLINICAS- CON INTERNACION|
1.0|32880.0|1.0|0.0|SOPO|2029|FABRICACION DE OTROS PRODUCTOS QUIMICOS NCP|
2.0|0.0|12.0|55.0|SOGAMOSO|0322|ACUICULTURA DE AGUA DULCE|
2.0|230160.0|1.0|7.0|TUNJA|2396|CORTE- TALLADO Y ACABADO DE LA PIEDRA|
1.0|32880.0|0.0|1.0|BARRANQUILLA|4659|COMERCIO AL POR MAYOR DE OTROS TIPOS DE MAQUINARIA Y EQUIPO NCP|
1.0|690480.0|3.0|18.0|CUCAITA|0811|EXTRACCION DE PIEDRA- ARENA- ARCILLAS COMUNES- YESO Y ANHIDRITA|
1.0|0.0|1.0|0.0|RAMIRIQUI|4729|COMERCIO AL POR MENOR DE OTROS PRODUCTOS ALIMENTICIOS NCP- EN ESTABLECIMIENTOS ESPECIALIZADOS|
1.0|0.0|1.0|1.0|SAN PABLO DE BORBUR|7020|ACTIVIDADES DE CONSULTARIA DE GESTION|
1.0|230160.0|0.0|12.0|OTANCHE|6110|ACTIVIDADES DE TELECOMUNICACIONES ALAMBRICAS|
1.0|0.0|0.0|1.0|VILLA DE LEYVA|5911|ACTIVIDADES DE PRODUCCION DE PELICULAS CINEMATOGRAFICAS- VIDEOS- PROGRAMAS- ANUNCIOS Y COMERCIALES DE TELEVISION|
1.0|98640.0|2.0|0.0|SANTAFE DE BOGOTA|5619|OTROS TIPOS DE EXPENDIO DE COMIDAS PREPARADAS NCP|
1.0|0.0|1.0|0.0|SACHICA|6810|ACTIVIDADES INMOBILIARIAS REALIZADAS CON BIENES PROPIOS O ARRENDADOS|
2.0|151280.0|4.0|1.0|GARAGOA|0161|ACTIVIDADES DE APOYO A LA AGRICULTURA|
1.0|65760.0|4.0|0.0|MEDELLIN|8129|OTRAS ACTIVIDADES DE LIMPIEZA DE EDIFICIOS E INSTALACIONES INDUSTRIALES|
1.0|32880.0|6.0|4.0|TUNJA|6411|BANCO CENTRAL|
1.0|32880.0|1.0|0.0|PAJARITO|4731|COMERCIO AL POR MENOR DE COMBUSTIBLE PARA AUTOMOTORES|
3.0|164400.0|2.0|3.0|VILLA DE LEYVA|6820|ACTIVIDADES INMOBILIARIAS REALIZADAS A CAMBIO DE UNA RETRIBUCION O POR CONTRATA|
1.0|0.0|0.0|0.0|MOTAVITA|4290|CONSTRUCCION DE OTRAS OBRAS DE INGENIERIA CIVIL|
1.0|0.0|2.0|0.0|PAIPA|8692|ACTIVIDADES DE APOYO TERAPEUTICO|
1.0|0.0|0.0|4.0|PAIPA|2824|FABRICACION DE MAQUINARIA PARA EXPLOTACION DE MINAS Y CANTERAS Y PARA OBRAS DE CONSTRUCCION|
1.0|32880.0|0.0|2.0|COPER|4923|TRANSPORTE DE CARGA POR CARRETERA|
1.0|65760.0|0.0|0.0|DUITAMA|2750|FABRICACION DE APARATOS DE USO DOMESTICO|
1.0|0.0|0.0|0.0|SANTA MARTA|4923|TRANSPORTE DE CARGA POR CARRETERA|
1.0|0.0|0.0|0.0|GUAYATA|0510|EXTRACCION DE HULLA (CARBON DE PIEDRA)|
1.0|98640.0|1.0|3.0|DUITAMA|2022|FABRICACION DE PINTURAS- BARNICES Y REVESTIMIENTOS SIMILARES- TINTAS PARA IMPRESION Y MASILLAS|
1.0|0.0|0.0|0.0|SANTA MARIA|0210|SILVICULTURA Y OTRAS ACTIVIDADES FORESTALES|
1.0|65760.0|0.0|1.0|OTANCHE|8423|ORDEN PUBLICO Y ACTIVIDADES DE SEGURIDAD|
1.0|1512480.0|27.0|13.0|CALI|5221|ACTIVIDADES DE ESTACIONES- VIAS Y SERVICIOS COMPLEMENTARIOS PARA EL TRANSPORTE TERRESTRE|
1.0|0.0|0.0|1.0|SOGAMOSO|5920|ACTIVIDADES DE GRABACION DE SONIDO Y EDICION DE MUSICA|
1.0|558960.0|4.0|1.0|TUNJA|1063|OTROS DERIVADOS DEL CAFE|
1.0|0.0|0.0|0.0|JENESANO|4651|COMERCIO AL POR MAYOR DE COMPUTADORES- EQUIPO PERIFERICO Y PROGRAMAS DE INFORMATICA|
1.0|460320.0|11.0|23.0|PAUNA|8411|ACTIVIDADES LEGISLATIVAS DE LA ADMINISTRACION PUBLICA|
1.0|65760.0|2.0|1.0|SANTA SOFIA|8415|ACTIVIDADES DE LOS OTROS ORGANOS DE CONTROL|
1.0|0.0|0.0|1.0|MADRID|1051|ELABORACION DE PRODUCTOS DE MOLINERIA|
1.0|0.0|0.0|1.0|PAIPA|8129|OTRAS ACTIVIDADES DE LIMPIEZA DE EDIFICIOS E INSTALACIONES INDUSTRIALES|
1.0|0.0|2.0|1.0|SAN LUIS DE GACENO|4719|COMERCIO AL POR MENOR EN ESTABLECIMIENTOS NO ESPECIALIZADOS- CON SURTIDO COMPUESTO PRINCIPALMENTE POR PRODUCTOS DIFERENTES DE ALIMENTOS (VIVERES EN GENERAL)- BEBIDAS Y TABACO|
1.0|0.0|0.0|1.0|SOCOTA|9491|ACTIVIDADES DE ASOCIACIONES RELIGIOSAS|
1.0|0.0|1.0|0.0|TOCA|4774|COMERCIO AL POR MENOR DE OTROS PRODUCTOS NUEVOS EN ESTABLECIMIENTOS ESPECIALIZADOS|
1.0|0.0|0.0|1.0|OICATA|7220|INVESTIGACIONES Y DESARROLLO EXPERIMENTAL EN EL CAMPO DE LAS CIENCIAS SOCIALES Y LAS HUMANIDADES|
1.0|526080.0|21.0|0.0|MONGUA|8890|OTRAS ACTIVIDADES DE ASISTENCIA SOCIAL SIN ALOJAMIENTO|
1.0|32880.0|0.0|2.0|GARAGOA|7020|ACTIVIDADES DE CONSULTARIA DE GESTION|
1.0|65760.0|1.0|0.0|BARRANQUILLA|4669|COMERCIO AL POR MAYOR DE OTROS PRODUCTOS NCP|
1.0|0.0|1.0|3.0|SAN JOSE DE PARE|6810|ACTIVIDADES INMOBILIARIAS REALIZADAS CON BIENES PROPIOS O ARRENDADOS|
1.0|65760.0|1.0|0.0|BERBEO|4773|COMERCIO AL POR MENOR DE PRODUCTOS FARMACEUTICOS Y MEDICINALES- COSMETICOS Y ARTICULOS DE TOCADOR EN ESTABLECIMIENTOS ESPECIALIZADOS|
1.0|197280.0|1.0|0.0|MACANAL|3700|EVACUACION Y TRATAMIENTO DE AGUAS RESIDUALES|
1.0|0.0|0.0|1.0|TASCO|8413|REGULACION DE LAS ACTIVIDADES DE ORGANISMOS QUE PRESTAN SERVICIOS DE SALUD- EDUCATIVOS- CULTURALES Y OTROS SERVICIOS SOCIALES- EXCEPTO SERVICIOS DE SEGURIDAD SOCIAL|
1.0|230160.0|7.0|9.0|PEREIRA|5630|EXPENDIO DE BEBIDAS ALCOHOLICAS PARA EL CONSUMO DENTRO DEL ESTABLECIMIENTO|
1.0|98640.0|1.0|1.0|TOCA|4752|COMERCIO AL POR MENOR DE ARTICULOS DE FERRETERIA- PINTURAS Y PRODUCTOS DE VIDRIO EN ESTABLECIMIENTOS ESPECIALIZADOS|
1.0|98640.0|2.0|3.0|BARRANQUILLA|4663|COMERCIO AL POR MAYOR DE MATERIALES DE CONSTRUCCION- ARTICULOS DE FERRETERIA- PINTURAS- PRODUCTOS DE VIDRIO- EQUIPO Y MATERIALES DE FONTANERIA Y CALEFACCION|
1.0|131520.0|0.0|3.0|YUMBO|2100|FABRICACION DE PRODUCTOS FARMACEUTICOS- SUSTANCIAS QUIMICAS MEDICINALES Y PRODUCTOS BOTANICOS DE USO FARMACEUTICO|
1.0|98640.0|2.0|8.0|TUNJA|2393|FABRICACION DE OTROS PRODUCTOS DE CERAMICA Y PORCELANA|
1.0|65760.0|2.0|0.0|SAMACA|1101|DESTILACION- RECTIFICACION Y MEZCLA DE BEBIDAS ALCOHOLICAS|
1.0|164400.0|2.0|58.0|SOCOTA|0520|EXTRACCION DE CARBON LIGNITO|
2.0|98640.0|3.0|0.0|SANTAFE DE BOGOTA|4220|CONSTRUCCION DE PROYECTOS DE SERVICIO PUBLICO|
1.0|0.0|0.0|0.0|DUITAMA|5630|EXPENDIO DE BEBIDAS ALCOHOLICAS PARA EL CONSUMO DENTRO DEL ESTABLECIMIENTO|
1.0|0.0|0.0|1.0|TUNJA|6020|ACTIVIDADES DE PROGRAMACION Y TRANSMISION DE TELEVISION|
2.0|1413840.0|3.0|41.0|SOCHA|4111|CONSTRUCCION DE EDIFICIOS RESIDENCIALES|
1.0|98640.0|0.0|11.0|SUSACON|4210|CONSTRUCCION DE CARRETERAS Y VIAS DE FERROCARRIL|
1.0|0.0|0.0|1.0|BUCARAMANGA|4643|COMERCIO AL POR MAYOR DE CALZADO|
1.0|131520.0|1.0|4.0|TIBANA|4663|COMERCIO AL POR MAYOR DE MATERIALES DE CONSTRUCCION- ARTICULOS DE FERRETERIA- PINTURAS- PRODUCTOS DE VIDRIO- EQUIPO Y MATERIALES DE FONTANERIA Y CALEFACCION|
1.0|0.0|0.0|2.0|TOTA|5611|EXPENDIO A LA MESA DE COMIDAS PREPARADAS|
1.0|0.0|2.0|0.0|FUNZA|5613|EXPENDIO DE COMIDAS PREPARADAS EN CAFETERIAS|
1.0|164400.0|3.0|7.0|PAIPA|7120|ENSAYOS Y ANALISIS TECNICOS|
1.0|0.0|1.0|0.0|PAIPA|4755|COMERCIO AL POR MENOR DE ARTICULOS Y UTENSILIOS DE USO DOMESTICO|
3.0|98640.0|2.0|2.0|SANTAFE DE BOGOTA|3511|GENERACION DE ENERGIA ELECTRICA|
9.0|4208640.0|83.0|83.0|DUITAMA|1081|ELABORACION DE PRODUCTOS DE PANADERIA|
8.0|657600.0|20.0|6.0|SANTAFE DE BOGOTA|2023|FABRICACION DE JABONES Y DETERGENTES- PREPARADOS PARA LIMPIAR Y PULIR- PERFUMES Y PREPARADOS DE TOCADOR|
1.0|32880.0|3.0|2.0|ARCABUCO|4719|COMERCIO AL POR MENOR EN ESTABLECIMIENTOS NO ESPECIALIZADOS- CON SURTIDO COMPUESTO PRINCIPALMENTE POR PRODUCTOS DIFERENTES DE ALIMENTOS (VIVERES EN GENERAL)- BEBIDAS Y TABACO|
2.0|295920.0|7.0|1.0|BELEN|5611|EXPENDIO A LA MESA DE COMIDAS PREPARADAS|
1.0|0.0|0.0|1.0|SANTANA|4759|COMERCIO AL POR MENOR DE OTROS ARTICULOS DOMESTICOS EN ESTABLECIMIENTOS ESPECIALIZADOS|
25.0|3649680.0|28.0|132.0|TUNJA|4390|OTRAS ACTIVIDADES ESPECIALIZADAS PARA LA CONSTRUCCION DE EDIFICIOS Y OBRAS DE INGENIERIA CIVIL|
6.0|263040.0|2.0|7.0|DUITAMA|4390|OTRAS ACTIVIDADES ESPECIALIZADAS PARA LA CONSTRUCCION DE EDIFICIOS Y OBRAS DE INGENIERIA CIVIL|
4.0|723360.0|3.0|15.0|DUITAMA|1690|FABRICACION DE OTROS PRODUCTOS DE MADERA- FABRICACION DE ARTICULOS DE CORCHO- CESTERIA Y ESPARTERIA|
1.0|32880.0|1.0|1.0|MARIPI|8412|ACTIVIDADES EJECUTIVAS DE LA ADMINISTRACION PUBLICA|
1.0|65760.0|3.0|0.0|BUCARAMANGA|2023|FABRICACION DE JABONES Y DETERGENTES- PREPARADOS PARA LIMPIAR Y PULIR- PERFUMES Y PREPARADOS DE TOCADOR|
1.0|0.0|0.0|0.0|SANTA SOFIA|4290|CONSTRUCCION DE OTRAS OBRAS DE INGENIERIA CIVIL|
1.0|0.0|0.0|0.0|CALI|6619|OTRAS ACTIVIDADES AUXILIARES DE LAS ACTIVIDADES DE SERVICIOS FINANCIEROS NCP|
3.0|263040.0|4.0|12.0|SOGAMOSO|2399|FABRICACION DE OTROS PRODUCTOS MINERALES NO METALICOS NCP|
11.0|1545360.0|22.0|44.0|DUITAMA|4661|COMERCIO AL POR MAYOR DE COMBUSTIBLES SOLIDOS- LIQUIDOS- GASEOSOS Y PRODUCTOS CONEXOS|
5.0|1216560.0|14.0|56.0|SANTAFE DE BOGOTA|4661|COMERCIO AL POR MAYOR DE COMBUSTIBLES SOLIDOS- LIQUIDOS- GASEOSOS Y PRODUCTOS CONEXOS|
8.0|5326560.0|98.0|48.0|DUITAMA|5613|EXPENDIO DE COMIDAS PREPARADAS EN CAFETERIAS|
2.0|453840.0|2.0|3.0|TUNJA|0119|OTROS CULTIVOS TRANSITORIOS NCP|
1.0|98640.0|2.0|1.0|MONIQUIRA|9004|CREACION AUDIOVISUAL|
9.0|1972800.0|35.0|64.0|CHIQUINQUIRA|4731|COMERCIO AL POR MENOR DE COMBUSTIBLE PARA AUTOMOTORES|
3.0|986400.0|21.0|12.0|DUITAMA|1082|ELABORACION DE CACAO- CHOCOLATE Y PRODUCTOS DE CONFITERIA|
12.0|1709760.0|16.0|61.0|DUITAMA|3312|MANTENIMIENTO Y REPARACION ESPECIALIZADO DE MAQUINARIA Y EQUIPO|
2.0|591840.0|1.0|12.0|SAMACA|0811|EXTRACCION DE PIEDRA- ARENA- ARCILLAS COMUNES- YESO Y ANHIDRITA|
2.0|65760.0|3.0|2.0|TUNJA|5514|ALOJAMIENTO RURAL|
18.0|19596480.0|439.0|330.0|TUNJA|4620|COMERCIO AL POR MAYOR DE MATERIAS PRIMAS AGROPECUARIAS- ANIMALES VIVOS|
1.0|0.0|1.0|0.0|MEDELLIN|6920|ACTIVIDADES DE CONTABILIDAD- TENEDURIA DE LIBROS- AUDITORIA FINANCIERA Y ASESORIA TRIBUTARIA|
1.0|0.0|0.0|1.0|DUITAMA|3821|TRATAMIENTO Y DISPOSICION DE DESECHOS NO PELIGROSOS|
9.0|854880.0|3.0|24.0|BELEN|4923|TRANSPORTE DE CARGA POR CARRETERA|
24.0|1545360.0|40.0|18.0|DUITAMA|5511|ALOJAMIENTO EN HOTELES|
1.0|3518160.0|20.0|99.0|SANTAFE DE BOGOTA|1910|FABRICACION DE PRODUCTOS DE HORNOS DE COQUE|
7.0|98640.0|9.0|1.0|VILLA DE LEYVA|8622|ACTIVIDADES DE LA PRACTICA ODONTOLOGICA|
1.0|0.0|0.0|10.0|JERICO|9499|ACTIVIDADES DE OTRAS ASOCIACIONES NCP|
1.0|0.0|1.0|0.0|VILLA DE LEYVA|4761|COMERCIO AL POR MENOR DE LIBROS- PERIODICOS- MATERIALES Y ARTICULOS DE PAPELERIA Y ESCRITORIO- EN ESTABLECIMIENTOS ESPECIALIZADOS|
2.0|197280.0|2.0|1.0|CHIQUINQUIRA|4649|COMERCIO AL POR MAYOR DE OTROS UTENSILIOS DOMESTICOS NCP|
1.0|164400.0|5.0|0.0|CORRALES|4731|COMERCIO AL POR MENOR DE COMBUSTIBLE PARA AUTOMOTORES|
1.0|0.0|4.0|14.0|COMBITA|2392|FABRICACION DE MATERIALES DE ARCILLA PARA LA CONSTRUCCION|
1.0|16111320.0|61.0|303.0|GARAGOA|0141|CRIA DE GANADO BOVINO Y BUFALINO|
1.0|0.0|0.0|2.0|SANTA ROSA DE VITERBO|8530|ESTABLECIMIENTOS QUE COMBINAN DIFERENTES NIVELES DE EDUCACION|
11.0|2531760.0|2.0|94.0|SOCOTA|0510|EXTRACCION DE HULLA (CARBON DE PIEDRA)|
2.0|197280.0|3.0|7.0|SOCHA|4731|COMERCIO AL POR MENOR DE COMBUSTIBLE PARA AUTOMOTORES|
1.0|657600.0|1.0|0.0|CUITIVA|8411|ACTIVIDADES LEGISLATIVAS DE LA ADMINISTRACION PUBLICA|
1.0|460320.0|4.0|2.0|TUTA|8423|ORDEN PUBLICO Y ACTIVIDADES DE SEGURIDAD|
1.0|0.0|0.0|1.0|SANTAFE DE BOGOTA|6423|BANCA DE SEGUNDO PISO|
1.0|32880.0|0.0|3.0|SANTA ROSA DE VITERB|4923|TRANSPORTE DE CARGA POR CARRETERA|
7.0|47511600.0|120.0|1518.0|SOGAMOSO|2410|INDUSTRIAS BASICAS DE HIERRO Y DE ACERO|
14.0|7307760.0|34.0|289.0|SANTAFE DE BOGOTA|0910|ACTIVIDADES DE APOYO PARA LA EXTRACCION DE PETROLEO Y DE GAS NATURAL|
3.0|4701840.0|106.0|94.0|SANTAFE DE BOGOTA|4711|COMERCIO AL POR MENOR EN ESTABLECIMIENTOS NO ESPECIALIZADOS CON SURTIDO COMPUESTO PRINCIPALMENTE POR ALIMENTOS- BEBIDAS O TABACO|
3.0|0.0|1.0|6.0|DUITAMA|4112|CONSTRUCCION DE EDIFICIOS NO RESIDENCIALES|
2.0|65760.0|2.0|0.0|SOGAMOSO|8552|ENSEÑNZA DEPORTIVA Y RECREATIVA|
1.0|164400.0|2.0|8.0|DUITAMA|2821|FABRICACION DE MAQUINARIA AGROPECUARIA Y FORESTAL|
2.0|427440.0|3.0|8.0|DUITAMA|6120|ACTIVIDADES DE TELECOMUNICACIONES INALAMBRICAS|
2.0|65760.0|3.0|0.0|SAMACA|4530|COMERCIO DE PARTES- PIEZAS (AUTOPARTES) Y ACCESORIOS (LUJOS) PARA VEHICULOS AUTOMOTORES|
1.0|920640.0|17.0|31.0|SOTAQUIRA|8411|ACTIVIDADES LEGISLATIVAS DE LA ADMINISTRACION PUBLICA|
1.0|0.0|0.0|2.0|FUNZA|6190|OTRAS ACTIVIDADES DE TELECOMUNICACIONES|
1.0|197280.0|0.0|5.0|SOATA|4721|COMERCIO AL POR MENOR DE PRODUCTOS AGRICOLAS PARA EL CONSUMO EN ESTABLECIMIENTOS ESPECIALIZADOS|
4.0|2959200.0|128.0|41.0|DUITAMA|8610|ACTIVIDADES DE HOSPITALES Y CLINICAS- CON INTERNACION|
1.0|65760.0|1.0|1.0|SANTAFE DE BOGOTA|7729|ALQUILER Y ARRENDAMIENTO DE OTROS EFECTOS PERSONALES Y ENSERES DOMESTICOS NCP|
1.0|0.0|1.0|2.0|CHIVATA|0141|CRIA DE GANADO BOVINO Y BUFALINO|
1.0|394560.0|0.0|9.0|NOBSA|0899|EXTRACCION DE OTROS MINERALES NO METALICOS NCP|
1.0|65760.0|0.0|1.0|FUNZA|4732|COMERCIO AL POR MENOR DE LUBRICANTES (ACEITES- GRASAS)- ADITIVOS Y PRODUCTOS DE LIMPIEZA PARA VEHICULOS AUTOMOTORES|
1.0|197280.0|10.0|2.0|UMBITA|8610|ACTIVIDADES DE HOSPITALES Y CLINICAS- CON INTERNACION|
7.0|1479600.0|20.0|52.0|SOGAMOSO|4210|CONSTRUCCION DE CARRETERAS Y VIAS DE FERROCARRIL|
1.0|0.0|1.0|0.0|TUNJA|8220|ACTIVIDADES DE CENTROS DE LLAMADAS (CALL CENTER)|
3.0|189100.0|1.0|3.0|SABOYA|0150|EXPLOTACION MIXTA (AGRICOLA Y PECUARIA)|
6.0|832040.0|6.0|20.0|DUITAMA|0161|ACTIVIDADES DE APOYO A LA AGRICULTURA|
3.0|0.0|0.0|2.0|CHIA|4210|CONSTRUCCION DE CARRETERAS Y VIAS DE FERROCARRIL|
1.0|460320.0|11.0|4.0|TUNJA|6130|ACTIVIDADES DE TELECOMUNICACION SATELITAL|
1.0|226920.0|1.0|4.0|TIBASOSA|0170|CAZA ORDINARIA Y MEDIANTE TRAMPAS Y ACTIVIDADES DE SERVICIOS CONEXAS|
1.0|854880.0|30.0|0.0|VENTAQUEMADA|9609|OTRAS ACTIVIDADES DE SERVICIOS PERSONALES NCP|
1.0|0.0|0.0|1.0|NOBSA|8621|ACTIVIDADES DE LA PRACTICA MEDICA- SIN INTERNACION|
1.0|65760.0|1.0|0.0|MONGUI|6920|ACTIVIDADES DE CONTABILIDAD- TENEDURIA DE LIBROS- AUDITORIA FINANCIERA Y ASESORIA TRIBUTARIA|
2.0|986400.0|21.0|5.0|CHIQUINQUIRA|7830|OTRAS ACTIVIDADES DE SUMINISTRO DE RECURSO HUMANO|
2.0|98640.0|6.0|3.0|TUNJA|3120|FABRICACION DE COLCHONES Y SOMIERES|
1.0|0.0|0.0|1.0|TAME|4930|TRANSPORTE POR TUBERIAS|
2.0|0.0|2.0|2.0|SOGAMOSO|2021|FABRICACION DE PLAGUICIDAS Y OTROS PRODUCTOS QUIMICOS DE USO AGROPECUARIO|
2.0|131520.0|2.0|3.0|BARRANQUILLA|8129|OTRAS ACTIVIDADES DE LIMPIEZA DE EDIFICIOS E INSTALACIONES INDUSTRIALES|
1.0|0.0|0.0|0.0|DUITAMA|9522|MANTENIMIENTO Y REPARACION DE APARATOS Y EQUIPOS DOMESTICOS Y DE JARDINERIA|
1.0|0.0|0.0|2.0|MEDELLIN|1512|FABRICACION DE ARTICULOS DE VIAJE- BOLSOS DE MANO Y ARTICULOS SIMILARES ELABORADOS EN CUERO- Y FABRICACION DE ARTICULOS DE TALABARTERIA Y GUARNICIONERIA|
2.0|98640.0|4.0|7.0|SANTA ROSA DE VITERBO|4731|COMERCIO AL POR MENOR DE COMBUSTIBLE PARA AUTOMOTORES|
7.0|2420480.0|15.0|54.0|DUITAMA|0129|OTROS CULTIVOS PERMANENTES NCP|
3.0|37820.0|2.0|5.0|CHIQUINQUIRA|0149|CRIA DE OTROS ANIMALES NCP|
2.0|65760.0|1.0|2.0|SOGAMOSO|8020|ACTIVIDADES DE SERVICIOS DE SISTEMAS DE SEGURIDAD|
1.0|65760.0|1.0|0.0|COVARACHIA|9491|ACTIVIDADES DE ASOCIACIONES RELIGIOSAS|
1.0|394560.0|0.0|12.0|SAN LUIS DE GACENO|4210|CONSTRUCCION DE CARRETERAS Y VIAS DE FERROCARRIL|
1.0|1550620.0|34.0|4.0|ARCABUCO|0150|EXPLOTACION MIXTA (AGRICOLA Y PECUARIA)|
2.0|789120.0|5.0|16.0|PAIPA|6120|ACTIVIDADES DE TELECOMUNICACIONES INALAMBRICAS|
2.0|263040.0|8.0|2.0|PUERTO BOYACA|8691|ACTIVIDADES DE APOYO DIAGNOSTICO|
2.0|8380980.0|54.0|186.0|TUNJA|3700|EVACUACION Y TRATAMIENTO DE AGUAS RESIDUALES|
1.0|32880.0|3.0|3.0|SOGAMOSO|2011|FABRICACION DE SUSTANCIAS Y PRODUCTOS QUIMICOS BASICOS|
1.0|0.0|5.0|3.0|SOGAMOSO|9004|CREACION AUDIOVISUAL|
2.0|263040.0|0.0|5.0|MEDELLIN|4921|TRANSPORTE DE PASAJEROS|
1.0|0.0|1.0|0.0|GARAGOA|8299|OTRAS ACTIVIDADES DE SERVICIO DE APOYO A LAS EMPRESAS NCP|
9.0|394560.0|1.0|16.0|SOGAMOSO|4732|COMERCIO AL POR MENOR DE LUBRICANTES (ACEITES- GRASAS)- ADITIVOS Y PRODUCTOS DE LIMPIEZA PARA VEHICULOS AUTOMOTORES|
1.0|394560.0|0.0|2.0|SACHICA|4721|COMERCIO AL POR MENOR DE PRODUCTOS AGRICOLAS PARA EL CONSUMO EN ESTABLECIMIENTOS ESPECIALIZADOS|
1.0|32880.0|1.0|0.0|SANTAFE DE BOGOTA|1062|DESCAFEINADO- TOSTION Y MOLIENDA DEL CAFE|
1.0|558960.0|20.0|0.0|FIRAVITOBA|8810|ACTIVIDADES DE ASISTENCIA SOCIAL SIN ALOJAMIENTO PARA PERSONAS MAYORES Y DISCAPACITADAS|
2.0|98640.0|5.0|1.0|BOYACA|9499|ACTIVIDADES DE OTRAS ASOCIACIONES NCP|
2.0|131520.0|2.0|1.0|TUNJA|2022|FABRICACION DE PINTURAS- BARNICES Y REVESTIMIENTOS SIMILARES- TINTAS PARA IMPRESION Y MASILLAS|
2.0|680760.0|8.0|8.0|TUNJA|0121|CULTIVO DE FRUTAS TROPICALES Y SUBTROPICALES|
1.0|32880.0|2.0|4.0|COMBITA|3320|INSTALACION ESPECIALIZADA DE MAQUINARIA Y EQUIPO INDUSTRIAL|
1.0|0.0|0.0|0.0|EL COCUY|7500|ACTIVIDADES VETERINARIAS|
1.0|65760.0|1.0|1.0|CHIVOR|8415|ACTIVIDADES DE LOS OTROS ORGANOS DE CONTROL|
3.0|0.0|1.0|16.0|PAIPA|4210|CONSTRUCCION DE CARRETERAS Y VIAS DE FERROCARRIL|
1.0|789120.0|0.0|2.0|SOACHA|4330|TERMINACION Y ACABADO DE EDIFICIOS Y OBRAS DE INGENIERIA CIVIL|
1.0|113460.0|1.0|0.0|CALDAS|0162|ACTIVIDADES DE APOYO A LA GANADERIA|
1.0|131520.0|1.0|1.0|SANTAFE DE BOGOTA|4775|COMERCIO AL POR MENOR DE ARTICULOS DE SEGUNDA MANO|
1.0|2564640.0|66.0|7.0|NEIVA|4719|COMERCIO AL POR MENOR EN ESTABLECIMIENTOS NO ESPECIALIZADOS- CON SURTIDO COMPUESTO PRINCIPALMENTE POR PRODUCTOS DIFERENTES DE ALIMENTOS (VIVERES EN GENERAL)- BEBIDAS Y TABACO|
1.0|131520.0|3.0|0.0|SOGAMOSO|5630|EXPENDIO DE BEBIDAS ALCOHOLICAS PARA EL CONSUMO DENTRO DEL ESTABLECIMIENTO|
1.0|0.0|1.0|1.0|VILLA DE LEYVA|5619|OTROS TIPOS DE EXPENDIO DE COMIDAS PREPARADAS NCP|
1.0|65760.0|1.0|0.0|YUMBO|1082|ELABORACION DE CACAO- CHOCOLATE Y PRODUCTOS DE CONFITERIA|
1.0|328800.0|7.0|5.0|MEDELLIN|8621|ACTIVIDADES DE LA PRACTICA MEDICA- SIN INTERNACION|
3.0|1874160.0|18.0|57.0|CHIQUINQUIRA|3600|CAPTACION- TRATAMIENTO Y DISTRIBUCION DE AGUA|
1.0|230160.0|3.0|4.0|TUTA|4731|COMERCIO AL POR MENOR DE COMBUSTIBLE PARA AUTOMOTORES|
5.0|1545360.0|27.0|42.0|TUNJA|4329|OTRAS INSTALACIONES ESPECIALIZADAS|
1.0|0.0|12.0|8.0|CALI|6190|OTRAS ACTIVIDADES DE TELECOMUNICACIONES|
1.0|0.0|0.0|2.0|VENTAQUEMADA|0130|PROPAGACION DE PLANTAS (ACTIVIDADES DE LOS VIVEROS- EXCEPTO VIVEROS FORESTALES)|
1.0|1117920.0|9.0|31.0|PAIPA|2392|FABRICACION DE MATERIALES DE ARCILLA PARA LA CONSTRUCCION|
2.0|264740.0|1.0|5.0|RAQUIRA|0141|CRIA DE GANADO BOVINO Y BUFALINO|
1.0|164400.0|6.0|3.0|TOPAGA|8412|ACTIVIDADES EJECUTIVAS DE LA ADMINISTRACION PUBLICA|
1.0|526080.0|10.0|10.0|TURMEQUE|8411|ACTIVIDADES LEGISLATIVAS DE LA ADMINISTRACION PUBLICA|
1.0|32880.0|1.0|1.0|SIACHOQUE|8415|ACTIVIDADES DE LOS OTROS ORGANOS DE CONTROL|
2.0|131520.0|3.0|5.0|CHIQUINQUIRA|4653|COMERCIO AL POR MAYOR DE MAQUINARIA Y EQUIPO AGROPECUARIOS|
1.0|854880.0|13.0|21.0|SIACHOQUE|4799|OTROS TIPOS DE COMERCIO AL POR MENOR NO REALIZADO EN ESTABLECIMIENTOS- PUESTOS DE VENTA O MERCADOS|
1.0|0.0|1.0|1.0|VILLA DE LEYVA|0128|CULTIVO DE ESPECIAS Y DE PLANTAS AROMATICAS Y MEDICINALES|
1.0|624720.0|5.0|20.0|PUERTO TRIUNFO|4290|CONSTRUCCION DE OTRAS OBRAS DE INGENIERIA CIVIL|
1.0|0.0|0.0|0.0|OTANCHE|4112|CONSTRUCCION DE EDIFICIOS NO RESIDENCIALES|
3.0|230160.0|3.0|0.0|GARAGOA|4774|COMERCIO AL POR MENOR DE OTROS PRODUCTOS NUEVOS EN ESTABLECIMIENTOS ESPECIALIZADOS|
1.0|32880.0|0.0|1.0|CALI|4711|COMERCIO AL POR MENOR EN ESTABLECIMIENTOS NO ESPECIALIZADOS CON SURTIDO COMPUESTO PRINCIPALMENTE POR ALIMENTOS- BEBIDAS O TABACO|
1.0|32880.0|2.0|0.0|DUITAMA|0312|PESCA DE AGUA DULCE|
1.0|98640.0|0.0|6.0|VILLA DE LEYVA|7830|OTRAS ACTIVIDADES DE SUMINISTRO DE RECURSO HUMANO|
1.0|0.0|1.0|1.0|GUATEQUE|1040|ELABORACION DE PRODUCTOS LACTEOS|
1.0|0.0|0.0|1.0|DUITAMA|3511|GENERACION DE ENERGIA ELECTRICA|
1.0|1216560.0|55.0|31.0|FLORIDABLANCA|7820|ACTIVIDADES DE AGENCIAS DE EMPLEO TEMPORAL|
1.0|65760.0|1.0|0.0|CALI|7830|OTRAS ACTIVIDADES DE SUMINISTRO DE RECURSO HUMANO|
1.0|0.0|1.0|1.0|LABRANZAGRANDE|4752|COMERCIO AL POR MENOR DE ARTICULOS DE FERRETERIA- PINTURAS Y PRODUCTOS DE VIDRIO EN ESTABLECIMIENTOS ESPECIALIZADOS|
1.0|65760.0|0.0|1.0|VILLAVICENCIO|4923|TRANSPORTE DE CARGA POR CARRETERA|
2.0|65760.0|1.0|1.0|SACHICA|4731|COMERCIO AL POR MENOR DE COMBUSTIBLE PARA AUTOMOTORES|
1.0|263040.0|12.0|3.0|SUTAMARCHAN|8621|ACTIVIDADES DE LA PRACTICA MEDICA- SIN INTERNACION|
1.0|65760.0|2.0|0.0|YUMBO|4773|COMERCIO AL POR MENOR DE PRODUCTOS FARMACEUTICOS Y MEDICINALES- COSMETICOS Y ARTICULOS DE TOCADOR EN ESTABLECIMIENTOS ESPECIALIZADOS|
1.0|0.0|0.0|1.0|PUERTO BOYACA|3311|MANTENIMIENTO Y REPARACION ESPECIALIZADO DE PRODUCTOS ELABORADOS EN METAL|
1.0|0.0|8.0|2.0|MIRAFLORES|8121|LIMPIEZA GENERAL INTERIOR DE EDIFICIOS|
1.0|526080.0|10.0|19.0|SORACA|4775|COMERCIO AL POR MENOR DE ARTICULOS DE SEGUNDA MANO|
1.0|295920.0|0.0|10.0|PAUNA|8130|ACTIVIDADES DE PAISAJISMO Y SERVICIOS DE MANTENIMIENTO CONEXOS|
1.0|0.0|1.0|0.0|SIACHOQUE|5310|ACTIVIDADES POSTALES NACIONALES|
2.0|32880.0|1.0|4.0|TUNJA|6120|ACTIVIDADES DE TELECOMUNICACIONES INALAMBRICAS|
1.0|263040.0|9.0|2.0|GUATEQUE|9609|OTRAS ACTIVIDADES DE SERVICIOS PERSONALES NCP|
1.0|98640.0|2.0|1.0|PAUNA|4731|COMERCIO AL POR MENOR DE COMBUSTIBLE PARA AUTOMOTORES|
1.0|0.0|1.0|0.0|SANTA MARIA|9491|ACTIVIDADES DE ASOCIACIONES RELIGIOSAS|
1.0|6806160.0|66.0|231.0|SORACA|3110|FABRICACION DE MUEBLES|
1.0|65760.0|1.0|3.0|SAMACA|2651|FABRICACION DE EQUIPO DE MEDICION- PRUEBA- NAVEGACION Y CONTROL|
1.0|0.0|1.0|0.0|SANTA ROSA DE VITERBO|9700|ACTIVIDADES DE LOS HOGARES INDIVIDUALES COMO EMPLEADORES DE PERSONAL DOMESTICO|
1.0|657600.0|4.0|27.0|TIBANA|8110|ACTIVIDADES COMBINADAS DE APOYO A INSTALACIONES|
2.0|1117920.0|6.0|37.0|TUNJA|2395|FABRICACION DE ARTICULOS DE HORMIGON- CEMENTO Y YESO|
1.0|32880.0|1.0|0.0|ALMEIDA|8412|ACTIVIDADES EJECUTIVAS DE LA ADMINISTRACION PUBLICA|
1.0|65760.0|0.0|3.0|SANTAFE DE BOGOTA|4922|TRANSPORTE MIXTO|
1.0|98640.0|4.0|0.0|PEREIRA|4690|COMERCIO AL POR MAYOR NO ESPECIALIZADO|
1.0|361680.0|1.0|21.0|SORACA|9312|ACTIVIDADES DE CLUBES DEPORTIVOS|
1.0|98640.0|3.0|1.0|SANTAFE DE BOGOTA|2219|FABRICACION DE FORMAS BASICAS DE CAUCHO Y OTROS PRODUCTOS DE CAUCHO NCP|
1.0|0.0|1.0|1.0|UBALA|9499|ACTIVIDADES DE OTRAS ASOCIACIONES NCP|
1.0|0.0|1.0|0.0|SACHICA|4773|COMERCIO AL POR MENOR DE PRODUCTOS FARMACEUTICOS Y MEDICINALES- COSMETICOS Y ARTICULOS DE TOCADOR EN ESTABLECIMIENTOS ESPECIALIZADOS|
2.0|295920.0|1.0|4.0|TIBANA|4752|COMERCIO AL POR MENOR DE ARTICULOS DE FERRETERIA- PINTURAS Y PRODUCTOS DE VIDRIO EN ESTABLECIMIENTOS ESPECIALIZADOS|
5.0|4866240.0|233.0|73.0|SOGAMOSO|8610|ACTIVIDADES DE HOSPITALES Y CLINICAS- CON INTERNACION|
1.0|65760.0|1.0|0.0|BOAVITA|9700|ACTIVIDADES DE LOS HOGARES INDIVIDUALES COMO EMPLEADORES DE PERSONAL DOMESTICO|
5.0|328800.0|19.0|18.0|SUTAMARCHAN|5611|EXPENDIO A LA MESA DE COMIDAS PREPARADAS|
1.0|263040.0|6.0|8.0|PUERTO BOYACA|4511|COMERCIO DE VEHICULOS AUTOMOTORES NUEVOS|
1.0|0.0|1.0|0.0|AQUITANIA|4711|COMERCIO AL POR MENOR EN ESTABLECIMIENTOS NO ESPECIALIZADOS CON SURTIDO COMPUESTO PRINCIPALMENTE POR ALIMENTOS- BEBIDAS O TABACO|
1.0|164400.0|1.0|2.0|PAIPA|8530|ESTABLECIMIENTOS QUE COMBINAN DIFERENTES NIVELES DE EDUCACION|
1.0|32880.0|1.0|6.0|MONGUI|5611|EXPENDIO A LA MESA DE COMIDAS PREPARADAS|
2.0|164400.0|6.0|7.0|TURMEQUE|4711|COMERCIO AL POR MENOR EN ESTABLECIMIENTOS NO ESPECIALIZADOS CON SURTIDO COMPUESTO PRINCIPALMENTE POR ALIMENTOS- BEBIDAS O TABACO|
1.0|197280.0|2.0|4.0|COMBITA|0811|EXTRACCION DE PIEDRA- ARENA- ARCILLAS COMUNES- YESO Y ANHIDRITA|
1.0|230160.0|5.0|4.0|GARAGOA|4731|COMERCIO AL POR MENOR DE COMBUSTIBLE PARA AUTOMOTORES|
1.0|0.0|0.0|0.0|TUTA|4290|CONSTRUCCION DE OTRAS OBRAS DE INGENIERIA CIVIL|
1.0|32880.0|0.0|1.0|FUNZA|2930|FABRICACION DE PARTES- PIEZAS (AUTOPARTES) Y ACCESORIOS (LUJOS) PARA VEHICULOS AUTOMOTORES|
1.0|32880.0|1.0|0.0|MUZO|9001|CREACION LITERARIA|
1.0|0.0|0.0|0.0|SAN ANDRES DE TUMACO|5511|ALOJAMIENTO EN HOTELES|
1.0|361680.0|7.0|5.0|BARRANQUILLA|5914|ACTIVIDADES DE EXHIBICION DE PELICULAS CINEMATOGRAFICAS Y VIDEOS|
1.0|0.0|1.0|0.0|SOATA|8299|OTRAS ACTIVIDADES DE SERVICIO DE APOYO A LAS EMPRESAS NCP|
1.0|65760.0|3.0|2.0|GIRON|8121|LIMPIEZA GENERAL INTERIOR DE EDIFICIOS|
1.0|0.0|0.0|4.0|FLORESTA|0144|CRIA DE GANADO PORCINO|
2.0|427440.0|14.0|6.0|SANTAFE DE BOGOTA|5210|ALMACENAMIENTO Y DEPOSITO|
1.0|0.0|0.0|1.0|COMBITA|3600|CAPTACION- TRATAMIENTO Y DISTRIBUCION DE AGUA|
1.0|32880.0|0.0|1.0|VILLA DE LEYVA|4511|COMERCIO DE VEHICULOS AUTOMOTORES NUEVOS|
2.0|1117920.0|6.0|28.0|SOGAMOSO|0812|EXTRACCION DE ARCILLAS DE USO INDUSTRIAL- CALIZA- CAOLIN Y BENTONITAS|
1.0|0.0|1.0|1.0|PAIPA|3312|MANTENIMIENTO Y REPARACION ESPECIALIZADO DE MAQUINARIA Y EQUIPO|
1.0|37820.0|0.0|1.0|SOCHA|0220|EXTRACCION DE MADERA|
1.0|32880.0|0.0|4.0|MONIQUIRA|8423|ORDEN PUBLICO Y ACTIVIDADES DE SEGURIDAD|
1.0|0.0|0.0|1.0|MONIQUIRA|9609|OTRAS ACTIVIDADES DE SERVICIOS PERSONALES NCP|
1.0|75640.0|1.0|1.0|TIBASOSA|0150|EXPLOTACION MIXTA (AGRICOLA Y PECUARIA)|
1.0|32880.0|4.0|0.0|TIBASOSA|5630|EXPENDIO DE BEBIDAS ALCOHOLICAS PARA EL CONSUMO DENTRO DEL ESTABLECIMIENTO|
2.0|164400.0|3.0|1.0|CALI|2100|FABRICACION DE PRODUCTOS FARMACEUTICOS- SUSTANCIAS QUIMICAS MEDICINALES Y PRODUCTOS BOTANICOS DE USO FARMACEUTICO|
1.0|0.0|1.0|0.0|PAIPA|4729|COMERCIO AL POR MENOR DE OTROS PRODUCTOS ALIMENTICIOS NCP- EN ESTABLECIMIENTOS ESPECIALIZADOS|
1.0|854880.0|11.0|18.0|LABRANZAGRANDE|8412|ACTIVIDADES EJECUTIVAS DE LA ADMINISTRACION PUBLICA|
1.0|591840.0|19.0|9.0|AQUITANIA|8411|ACTIVIDADES LEGISLATIVAS DE LA ADMINISTRACION PUBLICA|
1.0|263040.0|11.0|18.0|CHISCAS|8411|ACTIVIDADES LEGISLATIVAS DE LA ADMINISTRACION PUBLICA|
1.0|263040.0|3.0|2.0|JENESANO|9491|ACTIVIDADES DE ASOCIACIONES RELIGIOSAS|
1.0|0.0|4.0|2.0|TUNJA|1521|FABRICACION DE CALZADO DE CUERO Y PIEL- CON CUALQUIER TIPO DE SUELA|
1.0|526080.0|3.0|3.0|SIACHOQUE|4722|COMERCIO AL POR MENOR DE LECHE- PRODUCTOS LACTEOS Y HUEVOS- EN ESTABLECIMIENTOS ESPECIALIZADOS|
1.0|295920.0|1.0|13.0|TUNJA|3290|OTRAS INDUSTRIAS MANUFACTURERAS NCP|
1.0|131520.0|4.0|2.0|MEDELLIN|6512|SEGUROS DE VIDA|
1.0|0.0|4.0|6.0|SOCOTA|8610|ACTIVIDADES DE HOSPITALES Y CLINICAS- CON INTERNACION|
1.0|295920.0|6.0|5.0|MONGUA|8610|ACTIVIDADES DE HOSPITALES Y CLINICAS- CON INTERNACION|
3.0|65760.0|5.0|4.0|BELEN|7110|ACTIVIDADES DE ARQUITECTURA E INGENIERIA Y OTRAS ACTIVIDADES CONEXAS DE CONSULTORIA TECNICA|
1.0|65760.0|0.0|1.0|SABOYA|4722|COMERCIO AL POR MENOR DE LECHE- PRODUCTOS LACTEOS Y HUEVOS- EN ESTABLECIMIENTOS ESPECIALIZADOS|
1.0|0.0|0.0|1.0|SUTAMARCHAN|9004|CREACION AUDIOVISUAL|
1.0|0.0|0.0|0.0|BUCARAMANGA|9609|OTRAS ACTIVIDADES DE SERVICIOS PERSONALES NCP|
2.0|230160.0|0.0|4.0|BOAVITA|4290|CONSTRUCCION DE OTRAS OBRAS DE INGENIERIA CIVIL|
1.0|32880.0|0.0|4.0|NOBSA|4329|OTRAS INSTALACIONES ESPECIALIZADAS|
1.0|98640.0|0.0|1.0|CALI|4620|COMERCIO AL POR MAYOR DE MATERIAS PRIMAS AGROPECUARIAS- ANIMALES VIVOS|
1.0|295920.0|8.0|1.0|LA UVITA|8790|OTRAS ACTIVIDADES DE ATENCION EN INSTITUCIONES CON ALOJAMIENTO|
1.0|3255120.0|21.0|63.0|PESCA|2021|FABRICACION DE PLAGUICIDAS Y OTROS PRODUCTOS QUIMICOS DE USO AGROPECUARIO|
1.0|0.0|1.0|0.0|BOAVITA|8415|ACTIVIDADES DE LOS OTROS ORGANOS DE CONTROL|
1.0|0.0|0.0|1.0|CALI|1081|ELABORACION DE PRODUCTOS DE PANADERIA|
1.0|460320.0|52.0|11.0|PUERTO BOYACA|8610|ACTIVIDADES DE HOSPITALES Y CLINICAS- CON INTERNACION|
1.0|295920.0|4.0|14.0|PISBA|8412|ACTIVIDADES EJECUTIVAS DE LA ADMINISTRACION PUBLICA|
2.0|98640.0|1.0|2.0|PUERTO BOYACA|4530|COMERCIO DE PARTES- PIEZAS (AUTOPARTES) Y ACCESORIOS (LUJOS) PARA VEHICULOS AUTOMOTORES|
1.0|32880.0|1.0|0.0|PAZ DEL RIO|6910|ACTIVIDADES JURIDICAS|
1.0|0.0|0.0|4.0|TUNJA|0722|EXTRACCION DE ORO Y OTROS METALES PRECIOSOS|
1.0|164400.0|4.0|0.0|SORACA|4711|COMERCIO AL POR MENOR EN ESTABLECIMIENTOS NO ESPECIALIZADOS CON SURTIDO COMPUESTO PRINCIPALMENTE POR ALIMENTOS- BEBIDAS O TABACO|
1.0|131520.0|2.0|12.0|SANTAFE DE BOGOTA|1012|PROCESAMIENTO Y CONSERVACION DE PESCADOS- CRUSTACEOS Y MOLUSCOS|
1.0|98640.0|4.0|4.0|PACHAVITA|8610|ACTIVIDADES DE HOSPITALES Y CLINICAS- CON INTERNACION|
1.0|0.0|2.0|0.0|PAUNA|6910|ACTIVIDADES JURIDICAS|
1.0|189100.0|5.0|4.0|ARCABUCO|0161|ACTIVIDADES DE APOYO A LA AGRICULTURA|
1.0|32880.0|1.0|1.0|PUERTO BOYACA|4774|COMERCIO AL POR MENOR DE OTROS PRODUCTOS NUEVOS EN ESTABLECIMIENTOS ESPECIALIZADOS|
1.0|0.0|0.0|1.0|DOSQUEBRADAS|4541|COMERCIO DE MOTOCICLETAS Y DE SUS PARTES- PIEZAS Y ACCESORIOS|
2.0|6773280.0|24.0|207.0|NOBSA|2410|INDUSTRIAS BASICAS DE HIERRO Y DE ACERO|
1.0|65760.0|3.0|3.0|PUERTO BOYACA|7120|ENSAYOS Y ANALISIS TECNICOS|
1.0|65760.0|5.0|3.0|PUERTO BOYACA|8522|EDUCACION MEDIA ACADEMICA|
1.0|230160.0|0.0|10.0|TIPACOQUE|4290|CONSTRUCCION DE OTRAS OBRAS DE INGENIERIA CIVIL|
1.0|131520.0|0.0|1.0|GUATEQUE|8423|ORDEN PUBLICO Y ACTIVIDADES DE SEGURIDAD|
1.0|0.0|1.0|2.0|VENTAQUEMADA|8621|ACTIVIDADES DE LA PRACTICA MEDICA- SIN INTERNACION|
1.0|32880.0|1.0|0.0|AQUITANIA|6910|ACTIVIDADES JURIDICAS|
1.0|0.0|7.0|1.0|SAMACA|8522|EDUCACION MEDIA ACADEMICA|
1.0|131520.0|4.0|2.0|COPACABANA|2712|FABRICACION DE APARATOS DE DISTRIBUCION Y CONTROL DE LA ENERGIA ELECTRICA|
1.0|0.0|0.0|0.0|PIEDECUESTA|7490|OTRAS ACTIVIDADES PROFESIONALES- CIENTIFICAS Y TECNICAS NCP|
2.0|65760.0|13.0|11.0|DUITAMA|9319|OTRAS ACTIVIDADES DEPORTIVAS|
1.0|0.0|0.0|2.0|VENTAQUEMADA|0812|EXTRACCION DE ARCILLAS DE USO INDUSTRIAL- CALIZA- CAOLIN Y BENTONITAS|
1.0|657600.0|10.0|13.0|SAN MATEO|8412|ACTIVIDADES EJECUTIVAS DE LA ADMINISTRACION PUBLICA|
1.0|2433120.0|21.0|42.0|TUTA|8411|ACTIVIDADES LEGISLATIVAS DE LA ADMINISTRACION PUBLICA|
1.0|98640.0|0.0|3.0|DUITAMA|3020|FABRICACION DE LOCOMOTORAS Y DE MATERIAL RODANTE PARA FERROCARRILES|
1.0|151280.0|0.0|2.0|RAMIRIQUI|0150|EXPLOTACION MIXTA (AGRICOLA Y PECUARIA)|
1.0|0.0|0.0|0.0|PAIPA|2396|CORTE- TALLADO Y ACABADO DE LA PIEDRA|
1.0|98640.0|1.0|4.0|DUITAMA|2392|FABRICACION DE MATERIALES DE ARCILLA PARA LA CONSTRUCCION|
1.0|98640.0|2.0|0.0|VILLA DE LEYVA|4620|COMERCIO AL POR MAYOR DE MATERIAS PRIMAS AGROPECUARIAS- ANIMALES VIVOS|
1.0|0.0|1.0|2.0|SAN PABLO DE BORBUR|0161|ACTIVIDADES DE APOYO A LA AGRICULTURA|
1.0|32880.0|0.0|1.0|CHIQUINQUIRA|2022|FABRICACION DE PINTURAS- BARNICES Y REVESTIMIENTOS SIMILARES- TINTAS PARA IMPRESION Y MASILLAS|
1.0|493200.0|0.0|6.0|CALI|8010|ACTIVIDADES DE SEGURIDAD PRIVADA|
1.0|416020.0|0.0|1.0|TUNJA|0210|SILVICULTURA Y OTRAS ACTIVIDADES FORESTALES|
1.0|0.0|2.0|3.0|CURITI|4652|COMERCIO AL POR MAYOR DE EQUIPO- PARTES Y PIEZAS ELECTRONICOS Y DE TELECOMUNICACIONES|
1.0|164400.0|4.0|2.0|TUTAZA|8699|OTRAS ACTIVIDADES DE ATENCION DE LA SALUD HUMANA|
1.0|460320.0|2.0|3.0|DUITAMA|2711|FABRICACION DE MOTORES- GENERADORES Y TRANSFORMADORES ELECTRICOS|
1.0|230160.0|0.0|10.0|VENTAQUEMADA|8413|REGULACION DE LAS ACTIVIDADES DE ORGANISMOS QUE PRESTAN SERVICIOS DE SALUD- EDUCATIVOS- CULTURALES Y OTROS SERVICIOS SOCIALES- EXCEPTO SERVICIOS DE SEGURIDAD SOCIAL|
1.0|295920.0|2.0|5.0|COMBITA|4774|COMERCIO AL POR MENOR DE OTROS PRODUCTOS NUEVOS EN ESTABLECIMIENTOS ESPECIALIZADOS|
1.0|65760.0|2.0|4.0|PISBA|8699|OTRAS ACTIVIDADES DE ATENCION DE LA SALUD HUMANA|
1.0|0.0|0.0|1.0|PAIPA|7310|PUBLICIDAD|
1.0|1085040.0|7.0|39.0|BARRANQUILLA|1910|FABRICACION DE PRODUCTOS DE HORNOS DE COQUE|
1.0|131520.0|2.0|2.0|TIBASOSA|4719|COMERCIO AL POR MENOR EN ESTABLECIMIENTOS NO ESPECIALIZADOS- CON SURTIDO COMPUESTO PRINCIPALMENTE POR PRODUCTOS DIFERENTES DE ALIMENTOS (VIVERES EN GENERAL)- BEBIDAS Y TABACO|
1.0|0.0|0.0|2.0|DUITAMA|5820|EDICION DE PROGRAMAS DE INFORMATICA (SOFTWARE)|
1.0|131520.0|3.0|1.0|IZA|7020|ACTIVIDADES DE CONSULTARIA DE GESTION|
1.0|197280.0|0.0|3.0|SANTAFE DE BOGOTA|8422|ACTIVIDADES DE DEFENSA|
1.0|32880.0|1.0|8.0|SAN PABLO DE BORBUR|0820|EXTRACCION DE ESMERALDAS- PIEDRAS PRECIOSAS Y SEMIPRECIOSAS|
1.0|32880.0|0.0|1.0|SAN JOSE DE PARE|4645|COMERCIO AL POR MAYOR DE PRODUCTOS FARMACEUTICOS- MEDICINALES- COSMETICOS Y DE TOCADOR|
1.0|131520.0|3.0|2.0|CALI|6920|ACTIVIDADES DE CONTABILIDAD- TENEDURIA DE LIBROS- AUDITORIA FINANCIERA Y ASESORIA TRIBUTARIA|
1.0|32880.0|1.0|4.0|TUTA|6110|ACTIVIDADES DE TELECOMUNICACIONES ALAMBRICAS|
1.0|65760.0|0.0|1.0|VILLA DE LEYVA|8621|ACTIVIDADES DE LA PRACTICA MEDICA- SIN INTERNACION|
1.0|65760.0|0.0|2.0|AQUITANIA|0312|PESCA DE AGUA DULCE|
1.0|0.0|0.0|0.0|YUMBO|1709|FABRICACION DE OTROS ARTICULOS DE PAPEL Y CARTON|
1.0|131520.0|0.0|5.0|GARAGOA|4799|OTROS TIPOS DE COMERCIO AL POR MENOR NO REALIZADO EN ESTABLECIMIENTOS- PUESTOS DE VENTA O MERCADOS|
1.0|0.0|0.0|0.0|UMBITA|4290|CONSTRUCCION DE OTRAS OBRAS DE INGENIERIA CIVIL|
1.0|0.0|0.0|0.0|SORACA|5611|EXPENDIO A LA MESA DE COMIDAS PREPARADAS|
1.0|98640.0|5.0|1.0|MEDELLIN|4754|COMERCIO AL POR MENOR DE ELECTRODOMESTICOS Y GASODOMESTICOS DE USO DOMESTICO- MUEBLES Y EQUIPOS DE ILUMINACION|
1.0|32880.0|5.0|10.0|SATIVASUR|8411|ACTIVIDADES LEGISLATIVAS DE LA ADMINISTRACION PUBLICA|
1.0|3222240.0|63.0|29.0|TUNJA|5121|TRANSPORTE AEREO NACIONAL DE CARGA|
1.0|32880.0|0.0|1.0|SABOYA|6910|ACTIVIDADES JURIDICAS|
1.0|98640.0|6.0|2.0|DUITAMA|4791|COMERCIO AL POR MENOR REALIZADO A TRAVES DE INTERNET|
1.0|0.0|1.0|7.0|AQUITANIA|4754|COMERCIO AL POR MENOR DE ELECTRODOMESTICOS Y GASODOMESTICOS DE USO DOMESTICO- MUEBLES Y EQUIPOS DE ILUMINACION|
1.0|98640.0|3.0|4.0|ZETAQUIRA|8610|ACTIVIDADES DE HOSPITALES Y CLINICAS- CON INTERNACION|
1.0|131520.0|4.0|4.0|BUENAVISTA|8621|ACTIVIDADES DE LA PRACTICA MEDICA- SIN INTERNACION|
1.0|0.0|0.0|2.0|RAMIRIQUI|1020|PROCESAMIENTO Y CONSERVACION DE FRUTAS- LEGUMBRES- HORTALIZAS Y TUBERCULOS|
1.0|0.0|0.0|1.0|IZA|4923|TRANSPORTE DE CARGA POR CARRETERA|
1.0|131520.0|0.0|2.0|SIBATE|4661|COMERCIO AL POR MAYOR DE COMBUSTIBLES SOLIDOS- LIQUIDOS- GASEOSOS Y PRODUCTOS CONEXOS|
1.0|32880.0|0.0|1.0|TUTA|9311|GESTION DE INSTALACIONES DEPORTIVAS|
1.0|131520.0|0.0|4.0|SANTA MARIA|6910|ACTIVIDADES JURIDICAS|
4.0|1150800.0|32.0|40.0|TUNJA|9004|CREACION AUDIOVISUAL|
6.0|131520.0|11.0|5.0|TUNJA|8530|ESTABLECIMIENTOS QUE COMBINAN DIFERENTES NIVELES DE EDUCACION|
2.0|75640.0|0.0|2.0|SOGAMOSO|0129|OTROS CULTIVOS PERMANENTES NCP|
6.0|1019280.0|6.0|21.0|TUNJA|7730|ALQUILER Y ARRENDAMIENTO DE OTROS TIPOS DE MAQUINARIA- EQUIPO Y BIENES TANGIBLES NCP|
5.0|197280.0|2.0|4.0|MACANAL|9700|ACTIVIDADES DE LOS HOGARES INDIVIDUALES COMO EMPLEADORES DE PERSONAL DOMESTICO|
1.0|65760.0|2.0|1.0|TIBANA|9491|ACTIVIDADES DE ASOCIACIONES RELIGIOSAS|
4.0|854880.0|13.0|30.0|CHIQUINQUIRA|4664|COMERCIO AL POR MAYOR DE PRODUCTOS QUIMICOS BASICOS- CAUCHOS Y PLASTICOS EN FORMAS PRIMARIAS Y PRODUCTOS QUIMICOS DE USO AGROPECUARIO|
8.0|3649680.0|27.0|146.0|SOGAMOSO|2395|FABRICACION DE ARTICULOS DE HORMIGON- CEMENTO Y YESO|
1.0|131520.0|2.0|7.0|VILLAVICENCIO|0811|EXTRACCION DE PIEDRA- ARENA- ARCILLAS COMUNES- YESO Y ANHIDRITA|
4.0|394560.0|3.0|15.0|PAIPA|4390|OTRAS ACTIVIDADES ESPECIALIZADAS PARA LA CONSTRUCCION DE EDIFICIOS Y OBRAS DE INGENIERIA CIVIL|
5.0|920640.0|22.0|26.0|TUNJA|1101|DESTILACION- RECTIFICACION Y MEZCLA DE BEBIDAS ALCOHOLICAS|
1.0|0.0|0.0|0.0|TIBANA|5611|EXPENDIO A LA MESA DE COMIDAS PREPARADAS|
3.0|624720.0|4.0|17.0|MONIQUIRA|0811|EXTRACCION DE PIEDRA- ARENA- ARCILLAS COMUNES- YESO Y ANHIDRITA|
1.0|0.0|1.0|0.0|PAIPA|8121|LIMPIEZA GENERAL INTERIOR DE EDIFICIOS|
13.0|1216560.0|14.0|49.0|PUERTO BOYACA|7110|ACTIVIDADES DE ARQUITECTURA E INGENIERIA Y OTRAS ACTIVIDADES CONEXAS DE CONSULTORIA TECNICA|
2.0|2038560.0|14.0|131.0|BARRANCABERMEJA|3312|MANTENIMIENTO Y REPARACION ESPECIALIZADO DE MAQUINARIA Y EQUIPO|
7.0|1150800.0|10.0|53.0|SOGAMOSO|3312|MANTENIMIENTO Y REPARACION ESPECIALIZADO DE MAQUINARIA Y EQUIPO|
6.0|98640.0|10.0|2.0|CHIQUINQUIRA|8622|ACTIVIDADES DE LA PRACTICA ODONTOLOGICA|
1.0|394560.0|14.0|6.0|SABOYA|8699|OTRAS ACTIVIDADES DE ATENCION DE LA SALUD HUMANA|
2.0|0.0|0.0|2.0|VILLA DE LEYVA|4661|COMERCIO AL POR MAYOR DE COMBUSTIBLES SOLIDOS- LIQUIDOS- GASEOSOS Y PRODUCTOS CONEXOS|
3.0|0.0|1.0|2.0|SOGAMOSO|2221|FABRICACION DE FORMAS BASICAS DE PLASTICO|
5.0|756240.0|3.0|4.0|SOGAMOSO|4329|OTRAS INSTALACIONES ESPECIALIZADAS|
2.0|0.0|0.0|0.0|DUITAMA|2819|FABRICACION DE OTROS TIPOS DE MAQUINARIA Y EQUIPO DE USO GENERAL NCP|
12.0|953520.0|27.0|32.0|DUITAMA|4723|COMERCIO AL POR MENOR DE CARNES (INCLUYE AVES DE CORRAL)- PRODUCTOS CARNICOS- PESCADOS Y PRODUCTOS DE MAR- EN ESTABLECIMIENTOS ESPECIALIZADOS|
10.0|1479600.0|50.0|23.0|TUNJA|6619|OTRAS ACTIVIDADES AUXILIARES DE LAS ACTIVIDADES DE SERVICIOS FINANCIEROS NCP|
3.0|1342020.0|1.0|11.0|SANTAFE DE BOGOTA|0990|ACTIVIDADES DE APOYO PARA OTRAS ACTIVIDADES DE EXPLOTACION DE MINAS Y CANTERAS|
1.0|0.0|0.0|0.0|LABRANZAGRANDE|9499|ACTIVIDADES DE OTRAS ASOCIACIONES NCP|
13.0|2926320.0|46.0|77.0|DUITAMA|3600|CAPTACION- TRATAMIENTO Y DISTRIBUCION DE AGUA|
1.0|65760.0|1.0|2.0|TUNJA|8292|ACTIVIDADES DE ENVASE Y EMPAQUE|
9.0|822000.0|21.0|21.0|CHIQUINQUIRA|9491|ACTIVIDADES DE ASOCIACIONES RELIGIOSAS|
2.0|131520.0|2.0|5.0|SOGAMOSO|7410|ACTIVIDADES ESPECIALIZADAS DE DISEÑ|
3.0|164400.0|4.0|16.0|TUNJA|2310|FABRICACION DE VIDRIO Y PRODUCTOS DE VIDRIO|
9.0|328800.0|13.0|5.0|CHIQUINQUIRA|5511|ALOJAMIENTO EN HOTELES|
1.0|131520.0|1.0|2.0|SACHICA|7912|ACTIVIDADES DE OPERADORES TURISTICOS|
1.0|0.0|0.0|0.0|MONIQUIRA|3900|ACTIVIDADES DE SANEAMIENTO AMBIENTAL Y OTROS SERVICIOS DE GESTION DE DESECHOS|
1.0|0.0|0.0|1.0|LA UNION|4631|COMERCIO AL POR MAYOR DE PRODUCTOS ALIMENTICIOS|
3.0|98640.0|0.0|10.0|DUITAMA|4652|COMERCIO AL POR MAYOR DE EQUIPO- PARTES Y PIEZAS ELECTRONICOS Y DE TELECOMUNICACIONES|
2.0|0.0|0.0|0.0|SANTAFE DE BOGOTA|8414|ACTIVIDADES REGULADORAS Y FACILITADORAS DE LA ACTIVIDAD ECONOMICA|
4.0|2564640.0|8.0|59.0|BUCARAMANGA|8010|ACTIVIDADES DE SEGURIDAD PRIVADA|
9.0|1775520.0|29.0|32.0|PAIPA|9499|ACTIVIDADES DE OTRAS ASOCIACIONES NCP|
1.0|1611120.0|8.0|56.0|MEDELLIN|4644|COMERCIO AL POR MAYOR DE APARATOS Y EQUIPO DE USO DOMESTICO|
4.0|1907040.0|49.0|17.0|GARAGOA|9499|ACTIVIDADES DE OTRAS ASOCIACIONES NCP|
2.0|131520.0|0.0|6.0|SOGAMOSO|4632|COMERCIO AL POR MAYOR DE BEBIDAS Y TABACO|
8.0|2305120.0|1.0|27.0|TUNJA|2511|FABRICACION DE PRODUCTOS METALICOS PARA USO ESTRUCTURAL|
2.0|0.0|0.0|0.0|BOYACA|4290|CONSTRUCCION DE OTRAS OBRAS DE INGENIERIA CIVIL|
18.0|6576000.0|155.0|75.0|TUNJA|4645|COMERCIO AL POR MAYOR DE PRODUCTOS FARMACEUTICOS- MEDICINALES- COSMETICOS Y DE TOCADOR|
1.0|0.0|1.0|0.0|CHIQUINQUIRA|6512|SEGUROS DE VIDA|
10.0|1150800.0|41.0|13.0|TUNJA|6511|SEGUROS GENERALES|
5.0|624720.0|11.0|11.0|DUITAMA|7010|ACTIVIDADES DE ADMINISTRACION EMPRESARIAL|
4.0|15059040.0|29.0|434.0|SOGAMOSO|2431|FUNDICION DE HIERRO Y DE ACERO|
6.0|295920.0|4.0|7.0|DUITAMA|7310|PUBLICIDAD|
1.0|624720.0|21.0|5.0|SAMACA|8610|ACTIVIDADES DE HOSPITALES Y CLINICAS- CON INTERNACION|
3.0|164400.0|3.0|2.0|SANTAFE DE BOGOTA|9512|MANTENIMIENTO Y REPARACION DE EQUIPOS DE COMUNICACION|
2.0|131520.0|1.0|6.0|DUITAMA|2432|FUNDICION DE METALES NO FERROSOS|
1.0|131520.0|1.0|1.0|TUNJA|2512|FABRICACION DE TANQUES- DEPOSITOS Y RECIPIENTES DE METAL- EXCEPTO LOS UTILIZADOS PARA EL ENVASE O TRANSPORTE DE MERCANCIAS|
1.0|690480.0|3.0|33.0|SOGAMOSO|2651|FABRICACION DE EQUIPO DE MEDICION- PRUEBA- NAVEGACION Y CONTROL|
3.0|65760.0|0.0|2.0|SOGAMOSO|9311|GESTION DE INSTALACIONES DEPORTIVAS|
3.0|394560.0|12.0|9.0|PAJARITO|8411|ACTIVIDADES LEGISLATIVAS DE LA ADMINISTRACION PUBLICA|
1.0|0.0|0.0|0.0|MOTAVITA|8412|ACTIVIDADES EJECUTIVAS DE LA ADMINISTRACION PUBLICA|
3.0|427440.0|2.0|10.0|DUITAMA|2395|FABRICACION DE ARTICULOS DE HORMIGON- CEMENTO Y YESO|
3.0|887760.0|12.0|19.0|CHIQUINQUIRA|6810|ACTIVIDADES INMOBILIARIAS REALIZADAS CON BIENES PROPIOS O ARRENDADOS|
1.0|0.0|0.0|0.0|DUITAMA|4311|DEMOLICION|
2.0|164400.0|2.0|9.0|SOGAMOSO|3311|MANTENIMIENTO Y REPARACION ESPECIALIZADO DE PRODUCTOS ELABORADOS EN METAL|
1.0|65760.0|2.0|3.0|PUERTO BOYACA|6190|OTRAS ACTIVIDADES DE TELECOMUNICACIONES|
1.0|460320.0|0.0|10.0|NOBSA|8299|OTRAS ACTIVIDADES DE SERVICIO DE APOYO A LAS EMPRESAS NCP|
1.0|32880.0|2.0|0.0|CUITIVA|5514|ALOJAMIENTO RURAL|
9.0|1380960.0|11.0|39.0|TUNJA|4722|COMERCIO AL POR MENOR DE LECHE- PRODUCTOS LACTEOS Y HUEVOS- EN ESTABLECIMIENTOS ESPECIALIZADOS|
2.0|197280.0|1.0|0.0|BELEN|4111|CONSTRUCCION DE EDIFICIOS RESIDENCIALES|
3.0|690480.0|9.0|10.0|TUNJA|1011|PROCESAMIENTO Y CONSERVACION DE CARNE Y PRODUCTOS CARNICOS|
6.0|1545360.0|25.0|12.0|DUITAMA|2023|FABRICACION DE JABONES Y DETERGENTES- PREPARADOS PARA LIMPIAR Y PULIR- PERFUMES Y PREPARADOS DE TOCADOR|
3.0|98640.0|6.0|7.0|PAIPA|4754|COMERCIO AL POR MENOR DE ELECTRODOMESTICOS Y GASODOMESTICOS DE USO DOMESTICO- MUEBLES Y EQUIPOS DE ILUMINACION|
1.0|558960.0|15.0|0.0|OTANCHE|9499|ACTIVIDADES DE OTRAS ASOCIACIONES NCP|
7.0|98640.0|9.0|7.0|TUNJA|7911|ACTIVIDADES DE LAS AGENCIAS DE VIAJE|
4.0|986400.0|15.0|6.0|CUCAITA|9499|ACTIVIDADES DE OTRAS ASOCIACIONES NCP|
1.0|65760.0|5.0|0.0|MEDELLIN|4771|COMERCIO AL POR MENOR DE PRENDAS DE VESTIR Y SUS ACCESORIOS (INCLUYE ARTICULOS DE PIEL) EN ESTABLECIMIENTOS ESPECIALIZADOS|
1.0|131520.0|1.0|1.0|VILLA DE LEYVA|1040|ELABORACION DE PRODUCTOS LACTEOS|
1.0|0.0|1.0|0.0|GACHANTIVA|5514|ALOJAMIENTO RURAL|
2.0|0.0|1.0|0.0|SOGAMOSO|7912|ACTIVIDADES DE OPERADORES TURISTICOS|
2.0|32880.0|2.0|1.0|PAIPA|4759|COMERCIO AL POR MENOR DE OTROS ARTICULOS DOMESTICOS EN ESTABLECIMIENTOS ESPECIALIZADOS|
1.0|0.0|1.0|0.0|SOTAQUIRA|9491|ACTIVIDADES DE ASOCIACIONES RELIGIOSAS|
1.0|0.0|0.0|2.0|PAIPA|0121|CULTIVO DE FRUTAS TROPICALES Y SUBTROPICALES|
1.0|32880.0|1.0|0.0|SANTA ROSA|9499|ACTIVIDADES DE OTRAS ASOCIACIONES NCP|
1.0|98640.0|0.0|1.0|COMBITA|9499|ACTIVIDADES DE OTRAS ASOCIACIONES NCP|
4.0|723360.0|10.0|23.0|SANTAFE DE BOGOTA|9411|ACTIVIDADES DE ASOCIACIONES EMPRESARIALES Y DE EMPLEADORES|
1.0|0.0|0.0|1.0|CHIQUINQUIRA|4665|COMERCIO AL POR MAYOR DE DESPERDICIOS- DESECHOS Y CHATARRA|
1.0|32880.0|0.0|1.0|SUTATENZA|9700|ACTIVIDADES DE LOS HOGARES INDIVIDUALES COMO EMPLEADORES DE PERSONAL DOMESTICO|
1.0|32880.0|2.0|1.0|TENZA|5511|ALOJAMIENTO EN HOTELES|
7.0|887760.0|30.0|7.0|SOGAMOSO|8551|FORMACION ACADEMICA NO FORMAL|
1.0|75640.0|0.0|1.0|SOCHA|0150|EXPLOTACION MIXTA (AGRICOLA Y PECUARIA)|
4.0|1285880.0|4.0|16.0|DUITAMA|0220|EXTRACCION DE MADERA|
1.0|0.0|2.0|0.0|GARAGOA|6920|ACTIVIDADES DE CONTABILIDAD- TENEDURIA DE LIBROS- AUDITORIA FINANCIERA Y ASESORIA TRIBUTARIA|
4.0|854880.0|17.0|23.0|SOGAMOSO|1040|ELABORACION DE PRODUCTOS LACTEOS|
1.0|0.0|0.0|0.0|ZETAQUIRA|4290|CONSTRUCCION DE OTRAS OBRAS DE INGENIERIA CIVIL|
2.0|65760.0|1.0|1.0|SOMONDOCO|9700|ACTIVIDADES DE LOS HOGARES INDIVIDUALES COMO EMPLEADORES DE PERSONAL DOMESTICO|
1.0|65760.0|0.0|1.0|SOACHA|2821|FABRICACION DE MAQUINARIA AGROPECUARIA Y FORESTAL|
6.0|2202960.0|45.0|23.0|DUITAMA|7911|ACTIVIDADES DE LAS AGENCIAS DE VIAJE|
3.0|197280.0|6.0|1.0|SANTAFE DE BOGOTA|2021|FABRICACION DE PLAGUICIDAS Y OTROS PRODUCTOS QUIMICOS DE USO AGROPECUARIO|
1.0|0.0|1.0|0.0|GUATEQUE|0149|CRIA DE OTROS ANIMALES NCP|
5.0|230160.0|5.0|11.0|DUITAMA|6190|OTRAS ACTIVIDADES DE TELECOMUNICACIONES|
4.0|394560.0|5.0|15.0|SANTAFE DE BOGOTA|4653|COMERCIO AL POR MAYOR DE MAQUINARIA Y EQUIPO AGROPECUARIOS|
5.0|558960.0|13.0|22.0|SOGAMOSO|7120|ENSAYOS Y ANALISIS TECNICOS|
1.0|0.0|0.0|3.0|SAN LUIS DE GACENO|9004|CREACION AUDIOVISUAL|
1.0|1939920.0|12.0|54.0|PAIPA|8010|ACTIVIDADES DE SEGURIDAD PRIVADA|
1.0|0.0|0.0|3.0|SAMACA|4761|COMERCIO AL POR MENOR DE LIBROS- PERIODICOS- MATERIALES Y ARTICULOS DE PAPELERIA Y ESCRITORIO- EN ESTABLECIMIENTOS ESPECIALIZADOS|
4.0|263040.0|4.0|6.0|DUITAMA|6010|ACTIVIDADES DE PROGRAMACION Y TRANSMISION EN EL SERVICIO DE RADIODIFUSION SONORA|
1.0|0.0|1.0|1.0|CHIQUINQUIRA|8523|EDUCACION MEDIA TECNICA Y DE FORMACION LABORAL|
1.0|0.0|0.0|1.0|MACHETA|9700|ACTIVIDADES DE LOS HOGARES INDIVIDUALES COMO EMPLEADORES DE PERSONAL DOMESTICO|
4.0|328800.0|9.0|3.0|SANTAFE DE BOGOTA|7320|ESTUDIOS DE MERCADO Y REALIZACION DE ENCUESTAS DE OPINION PUBLICA|
1.0|65760.0|0.0|6.0|CHITA|0510|EXTRACCION DE HULLA (CARBON DE PIEDRA)|
1.0|131520.0|1.0|1.0|NOBSA|3312|MANTENIMIENTO Y REPARACION ESPECIALIZADO DE MAQUINARIA Y EQUIPO|
1.0|75640.0|1.0|0.0|COMBITA|0149|CRIA DE OTROS ANIMALES NCP|
1.0|65760.0|0.0|2.0|NOBSA|7410|ACTIVIDADES ESPECIALIZADAS DE DISEÑ|
1.0|0.0|0.0|0.0|BUCARAMANGA|2212|REENCAUCHE DE LLANTAS USADAS|
1.0|65760.0|0.0|1.0|BERBEO|9700|ACTIVIDADES DE LOS HOGARES INDIVIDUALES COMO EMPLEADORES DE PERSONAL DOMESTICO|
1.0|0.0|0.0|0.0|TUTA|4390|OTRAS ACTIVIDADES ESPECIALIZADAS PARA LA CONSTRUCCION DE EDIFICIOS Y OBRAS DE INGENIERIA CIVIL|
3.0|427440.0|10.0|7.0|CHINAVITA|8411|ACTIVIDADES LEGISLATIVAS DE LA ADMINISTRACION PUBLICA|
3.0|65760.0|2.0|5.0|TINJACA|5511|ALOJAMIENTO EN HOTELES|
1.0|0.0|0.0|0.0|CUBARA|9499|ACTIVIDADES DE OTRAS ASOCIACIONES NCP|
2.0|920640.0|16.0|9.0|SANTAFE DE BOGOTA|2670|FABRICACION DE INSTRUMENTOS OPTICOS Y EQUIPO FOTOGRAFICO|
1.0|394560.0|2.0|2.0|MONIQUIRA|8551|FORMACION ACADEMICA NO FORMAL|
1.0|230160.0|1.0|3.0|TIBASOSA|4520|MANTENIMIENTO Y REPARACION DE VEHICULOS AUTOMOTORES|
1.0|164400.0|5.0|1.0|CERINZA|8699|OTRAS ACTIVIDADES DE ATENCION DE LA SALUD HUMANA|
1.0|0.0|0.0|0.0|JENESANO|4731|COMERCIO AL POR MENOR DE COMBUSTIBLE PARA AUTOMOTORES|
5.0|295920.0|10.0|4.0|GARAGOA|9491|ACTIVIDADES DE ASOCIACIONES RELIGIOSAS|
1.0|0.0|0.0|2.0|CHIQUINQUIRA|2029|FABRICACION DE OTROS PRODUCTOS QUIMICOS NCP|
2.0|263040.0|2.0|11.0|PAIPA|7810|ACTIVIDADES DE AGENCIAS DE EMPLEO|
2.0|5129280.0|48.0|142.0|SOGAMOSO|2822|FABRICACION DE MAQUINAS FORMADORAS DE METAL Y DE MAQUINAS HERRAMIENTA|
2.0|197280.0|1.0|13.0|PUERTO BOYACA|1104|ELABORACION DE BEBIDAS NO ALCOHOLICAS- PRODUCCION DE AGUAS MINERALES Y DE OTRAS AGUAS EMBOTELLADAS|
1.0|65760.0|1.0|0.0|SANTAFE DE BOGOTA|6611|ADMINISTRACION DE MERCADOS FINANCIEROS|
1.0|98640.0|1.0|5.0|SAMACA|4620|COMERCIO AL POR MAYOR DE MATERIAS PRIMAS AGROPECUARIAS- ANIMALES VIVOS|
1.0|164400.0|3.0|9.0|GARAGOA|4732|COMERCIO AL POR MENOR DE LUBRICANTES (ACEITES- GRASAS)- ADITIVOS Y PRODUCTOS DE LIMPIEZA PARA VEHICULOS AUTOMOTORES|
1.0|460320.0|9.0|9.0|PANQUEBA|8411|ACTIVIDADES LEGISLATIVAS DE LA ADMINISTRACION PUBLICA|
1.0|361680.0|7.0|17.0|TUTAZA|8411|ACTIVIDADES LEGISLATIVAS DE LA ADMINISTRACION PUBLICA|
1.0|0.0|0.0|4.0|MONGUI|9491|ACTIVIDADES DE ASOCIACIONES RELIGIOSAS|
3.0|460320.0|5.0|5.0|SOGAMOSO|2229|FABRICACION DE ARTICULOS DE PLASTICO NCP|
2.0|65760.0|0.0|3.0|MONIQUIRA|4722|COMERCIO AL POR MENOR DE LECHE- PRODUCTOS LACTEOS Y HUEVOS- EN ESTABLECIMIENTOS ESPECIALIZADOS|
2.0|4241520.0|76.0|120.0|PUERTO BOYACA|8110|ACTIVIDADES COMBINADAS DE APOYO A INSTALACIONES|
1.0|0.0|0.0|0.0|TIBASOSA|0129|OTROS CULTIVOS PERMANENTES NCP|
1.0|164400.0|1.0|1.0|SAN MIGUEL DE SEMA|9700|ACTIVIDADES DE LOS HOGARES INDIVIDUALES COMO EMPLEADORES DE PERSONAL DOMESTICO|
2.0|65760.0|2.0|0.0|VILLA DE LEYVA|6202|ACTIVIDADES DE CONSULTORIA INFORMATICA Y ACTIVIDADES DE ADMINISTRACION DE INSTALACIONES INFORMATICAS|
1.0|0.0|2.0|0.0|PUERTO BOYACA|4759|COMERCIO AL POR MENOR DE OTROS ARTICULOS DOMESTICOS EN ESTABLECIMIENTOS ESPECIALIZADOS|
1.0|131520.0|2.0|6.0|TINJACA|3600|CAPTACION- TRATAMIENTO Y DISTRIBUCION DE AGUA|
1.0|131520.0|0.0|5.0|BUCARAMANGA|6190|OTRAS ACTIVIDADES DE TELECOMUNICACIONES|
1.0|0.0|0.0|1.0|SAN PABLO DE BORBUR|0729|EXTRACCION DE OTROS MINERALES METALIFEROS NO FERROSOS NCP|
1.0|0.0|1.0|0.0|MADRID|2229|FABRICACION DE ARTICULOS DE PLASTICO NCP|
3.0|197280.0|5.0|8.0|SOGAMOSO|7820|ACTIVIDADES DE AGENCIAS DE EMPLEO TEMPORAL|
1.0|0.0|2.0|6.0|ARCABUCO|1040|ELABORACION DE PRODUCTOS LACTEOS|
2.0|197280.0|0.0|4.0|PAIPA|7730|ALQUILER Y ARRENDAMIENTO DE OTROS TIPOS DE MAQUINARIA- EQUIPO Y BIENES TANGIBLES NCP|
1.0|32880.0|1.0|0.0|NOBSA|5310|ACTIVIDADES POSTALES NACIONALES|
1.0|0.0|1.0|2.0|TOCA|4620|COMERCIO AL POR MAYOR DE MATERIAS PRIMAS AGROPECUARIAS- ANIMALES VIVOS|
2.0|65760.0|1.0|1.0|VILLA DE LEYVA|6920|ACTIVIDADES DE CONTABILIDAD- TENEDURIA DE LIBROS- AUDITORIA FINANCIERA Y ASESORIA TRIBUTARIA|
1.0|32880.0|2.0|0.0|CALI|2023|FABRICACION DE JABONES Y DETERGENTES- PREPARADOS PARA LIMPIAR Y PULIR- PERFUMES Y PREPARADOS DE TOCADOR|
1.0|0.0|0.0|0.0|PUERTO BOYACA|8551|FORMACION ACADEMICA NO FORMAL|
2.0|230160.0|3.0|3.0|UMBITA|8412|ACTIVIDADES EJECUTIVAS DE LA ADMINISTRACION PUBLICA|
1.0|98640.0|1.0|0.0|BELEN|6492|ACTIVIDADES FINANCIERAS DE FONDOS DE EMPLEADOS Y OTRAS FORMAS ASOCIATIVAS DEL SECTOR SOLIDARIO|
1.0|295920.0|0.0|10.0|SABOYA|3320|INSTALACION ESPECIALIZADA DE MAQUINARIA Y EQUIPO INDUSTRIAL|
1.0|493200.0|10.0|9.0|SANTAFE DE BOGOTA|6421|ACTIVIDADES DE LAS CORPORACIONES FINANCIERAS|
1.0|0.0|1.0|3.0|BELEN|0149|CRIA DE OTROS ANIMALES NCP|
1.0|32880.0|0.0|1.0|SANTA MARIA|4711|COMERCIO AL POR MENOR EN ESTABLECIMIENTOS NO ESPECIALIZADOS CON SURTIDO COMPUESTO PRINCIPALMENTE POR ALIMENTOS- BEBIDAS O TABACO|
1.0|460320.0|18.0|7.0|MUZO|8610|ACTIVIDADES DE HOSPITALES Y CLINICAS- CON INTERNACION|
2.0|164400.0|7.0|2.0|PUERTO BOYACA|8512|EDUCACION PREESCOLAR|
1.0|32880.0|2.0|0.0|MIRAFLORES|6910|ACTIVIDADES JURIDICAS|
3.0|32880.0|0.0|14.0|GUATEQUE|4322|INSTALACIONES DE FONTANERIA- CALEFACCION Y AIRE ACONDICIONADO|
1.0|263040.0|8.0|14.0|GAMEZA|8411|ACTIVIDADES LEGISLATIVAS DE LA ADMINISTRACION PUBLICA|
1.0|427440.0|8.0|14.0|SANTANA|8411|ACTIVIDADES LEGISLATIVAS DE LA ADMINISTRACION PUBLICA|
1.0|0.0|0.0|6.0|ARCABUCO|7810|ACTIVIDADES DE AGENCIAS DE EMPLEO|
2.0|0.0|4.0|0.0|BUCARAMANGA|8121|LIMPIEZA GENERAL INTERIOR DE EDIFICIOS|
1.0|0.0|0.0|0.0|DUITAMA|0020|PENSIONADOS|
1.0|0.0|0.0|0.0|SOMONDOCO|0020|PENSIONADOS|
1.0|32880.0|1.0|1.0|VIRACACHA|4719|COMERCIO AL POR MENOR EN ESTABLECIMIENTOS NO ESPECIALIZADOS- CON SURTIDO COMPUESTO PRINCIPALMENTE POR PRODUCTOS DIFERENTES DE ALIMENTOS (VIVERES EN GENERAL)- BEBIDAS Y TABACO|
1.0|0.0|2.0|12.0|SOGAMOSO|0321|ACUICULTURA MARITIMA|
2.0|32880.0|1.0|0.0|SIACHOQUE|9499|ACTIVIDADES DE OTRAS ASOCIACIONES NCP|
1.0|493200.0|2.0|18.0|GIRON|4661|COMERCIO AL POR MAYOR DE COMBUSTIBLES SOLIDOS- LIQUIDOS- GASEOSOS Y PRODUCTOS CONEXOS|
1.0|0.0|1.0|0.0|BUCARAMANGA|4663|COMERCIO AL POR MAYOR DE MATERIALES DE CONSTRUCCION- ARTICULOS DE FERRETERIA- PINTURAS- PRODUCTOS DE VIDRIO- EQUIPO Y MATERIALES DE FONTANERIA Y CALEFACCION|
1.0|197280.0|0.0|1.0|NUEVO COLON|4923|TRANSPORTE DE CARGA POR CARRETERA|
1.0|65760.0|4.0|2.0|VILLA DE LEYVA|8121|LIMPIEZA GENERAL INTERIOR DE EDIFICIOS|
1.0|65760.0|3.0|0.0|MACANAL|5514|ALOJAMIENTO RURAL|
2.0|230160.0|6.0|9.0|TUTA|4722|COMERCIO AL POR MENOR DE LECHE- PRODUCTOS LACTEOS Y HUEVOS- EN ESTABLECIMIENTOS ESPECIALIZADOS|
4.0|113460.0|1.0|10.0|ARMENIA|0141|CRIA DE GANADO BOVINO Y BUFALINO|
1.0|854880.0|34.0|2.0|BARRANQUILLA|8121|LIMPIEZA GENERAL INTERIOR DE EDIFICIOS|
1.0|0.0|0.0|3.0|COMBITA|4111|CONSTRUCCION DE EDIFICIOS RESIDENCIALES|
2.0|164400.0|3.0|3.0|DUITAMA|9312|ACTIVIDADES DE CLUBES DEPORTIVOS|
1.0|0.0|0.0|0.0|PEREIRA|4111|CONSTRUCCION DE EDIFICIOS RESIDENCIALES|
1.0|0.0|1.0|8.0|PUERTO BOYACA|7830|OTRAS ACTIVIDADES DE SUMINISTRO DE RECURSO HUMANO|
1.0|263040.0|0.0|11.0|COMBITA|8413|REGULACION DE LAS ACTIVIDADES DE ORGANISMOS QUE PRESTAN SERVICIOS DE SALUD- EDUCATIVOS- CULTURALES Y OTROS SERVICIOS SOCIALES- EXCEPTO SERVICIOS DE SEGURIDAD SOCIAL|
1.0|0.0|0.0|7.0|SORA|4921|TRANSPORTE DE PASAJEROS|
1.0|32880.0|1.0|7.0|DUITAMA|3520|PRODUCCION DE GAS- DISTRIBUCION DE COMBUSTIBLES GASEOSOS POR TUBERIAS|
1.0|98640.0|0.0|3.0|SUSACON|4731|COMERCIO AL POR MENOR DE COMBUSTIBLE PARA AUTOMOTORES|
1.0|32880.0|0.0|4.0|TURMEQUE|4731|COMERCIO AL POR MENOR DE COMBUSTIBLE PARA AUTOMOTORES|
3.0|491660.0|5.0|10.0|VILLA DE LEYVA|0161|ACTIVIDADES DE APOYO A LA AGRICULTURA|
1.0|164400.0|1.0|3.0|SOGAMOSO|6492|ACTIVIDADES FINANCIERAS DE FONDOS DE EMPLEADOS Y OTRAS FORMAS ASOCIATIVAS DEL SECTOR SOLIDARIO|
1.0|0.0|1.0|2.0|MONGUI|5511|ALOJAMIENTO EN HOTELES|
1.0|0.0|0.0|0.0|MEDELLIN|8121|LIMPIEZA GENERAL INTERIOR DE EDIFICIOS|
2.0|32880.0|0.0|4.0|SANTAFE DE BOGOTA|6422|ACTIVIDADES DE LAS COMPAÑAS DE FINANCIAMIENTO|
1.0|0.0|0.0|5.0|SIMIJACA|1082|ELABORACION DE CACAO- CHOCOLATE Y PRODUCTOS DE CONFITERIA|
1.0|32880.0|1.0|0.0|VILLA DE LEYVA|9601|LAVADO Y LIMPIEZA- INCLUSO LA LIMPIEZA EN SECO- DE PRODUCTOS TEXTILES Y DE PIEL|
1.0|0.0|1.0|0.0|MOSQUERA|4722|COMERCIO AL POR MENOR DE LECHE- PRODUCTOS LACTEOS Y HUEVOS- EN ESTABLECIMIENTOS ESPECIALIZADOS|
3.0|230160.0|1.0|19.0|SOATA|7110|ACTIVIDADES DE ARQUITECTURA E INGENIERIA Y OTRAS ACTIVIDADES CONEXAS DE CONSULTORIA TECNICA|
1.0|1150800.0|15.0|26.0|SOGAMOSO|1313|ACABADO DE PRODUCTOS TEXTILES|
1.0|65760.0|1.0|0.0|SANTAFE DE BOGOTA|1101|DESTILACION- RECTIFICACION Y MEZCLA DE BEBIDAS ALCOHOLICAS|
1.0|65760.0|3.0|1.0|PAIPA|8521|EDUCACION BASICA SECUNDARIA|
1.0|65760.0|0.0|2.0|TUTA|7110|ACTIVIDADES DE ARQUITECTURA E INGENIERIA Y OTRAS ACTIVIDADES CONEXAS DE CONSULTORIA TECNICA|
1.0|887760.0|8.0|43.0|NOBSA|4322|INSTALACIONES DE FONTANERIA- CALEFACCION Y AIRE ACONDICIONADO|
1.0|131520.0|1.0|100.0|SAN LUIS DE GACENO|4921|TRANSPORTE DE PASAJEROS|
1.0|0.0|0.0|0.0|PAIPA|5514|ALOJAMIENTO RURAL|
1.0|32880.0|0.0|2.0|SOCHA|7730|ALQUILER Y ARRENDAMIENTO DE OTROS TIPOS DE MAQUINARIA- EQUIPO Y BIENES TANGIBLES NCP|
1.0|32880.0|0.0|1.0|PAIPA|4620|COMERCIO AL POR MAYOR DE MATERIAS PRIMAS AGROPECUARIAS- ANIMALES VIVOS|
1.0|690480.0|26.0|0.0|EL ESPINO|9499|ACTIVIDADES DE OTRAS ASOCIACIONES NCP|
2.0|328800.0|2.0|10.0|SANTAFE DE BOGOTA|1040|ELABORACION DE PRODUCTOS LACTEOS|
1.0|65760.0|2.0|7.0|TUNJA|9311|GESTION DE INSTALACIONES DEPORTIVAS|
1.0|164400.0|0.0|3.0|CAJICA|7110|ACTIVIDADES DE ARQUITECTURA E INGENIERIA Y OTRAS ACTIVIDADES CONEXAS DE CONSULTORIA TECNICA|
1.0|0.0|1.0|0.0|VILLA DE LEYVA|6190|OTRAS ACTIVIDADES DE TELECOMUNICACIONES|
1.0|98640.0|1.0|4.0|TUNJA|9524|REPARACION DE MUEBLES Y ACCESORIOS PARA EL HOGAR|
1.0|32880.0|0.0|1.0|MISTRATO|4290|CONSTRUCCION DE OTRAS OBRAS DE INGENIERIA CIVIL|
1.0|0.0|11.0|9.0|SANTANA|8699|OTRAS ACTIVIDADES DE ATENCION DE LA SALUD HUMANA|
1.0|230160.0|8.0|0.0|SAN MIGUEL DE SEMA|8790|OTRAS ACTIVIDADES DE ATENCION EN INSTITUCIONES CON ALOJAMIENTO|
2.0|0.0|1.0|0.0|PAIPA|0081|PERSONAS NATURALES SIN ACTIVIDAD ECONOMICA|
1.0|197280.0|2.0|4.0|MOTAVITA|3600|CAPTACION- TRATAMIENTO Y DISTRIBUCION DE AGUA|
4.0|65760.0|4.0|4.0|SACHICA|5511|ALOJAMIENTO EN HOTELES|
1.0|953520.0|4.0|40.0|SAMACA|2824|FABRICACION DE MAQUINARIA PARA EXPLOTACION DE MINAS Y CANTERAS Y PARA OBRAS DE CONSTRUCCION|
1.0|0.0|1.0|1.0|TUNJA|2011|FABRICACION DE SUSTANCIAS Y PRODUCTOS QUIMICOS BASICOS|
1.0|0.0|0.0|0.0|PAIPA|9511|MANTENIMIENTO Y REPARACION DE COMPUTADORES Y DE EQUIPO PERIFERICO|
1.0|65760.0|0.0|1.0|MIRAFLORES|9609|OTRAS ACTIVIDADES DE SERVICIOS PERSONALES NCP|
1.0|263040.0|4.0|0.0|PAIPA|8790|OTRAS ACTIVIDADES DE ATENCION EN INSTITUCIONES CON ALOJAMIENTO|
1.0|0.0|1.0|0.0|TUNJA|9006|ACTIVIDADES TEATRALES|
1.0|65760.0|1.0|0.0|LABRANZAGRANDE|6910|ACTIVIDADES JURIDICAS|
1.0|0.0|1.0|2.0|SANTAFE DE BOGOTA|3230|FABRICACION DE ARTICULOS Y EQUIPO PARA LA PRACTICA DEL DEPORTE|
1.0|723360.0|13.0|17.0|MUZO|8411|ACTIVIDADES LEGISLATIVAS DE LA ADMINISTRACION PUBLICA|
1.0|0.0|0.0|0.0|FIRAVITOBA|0210|SILVICULTURA Y OTRAS ACTIVIDADES FORESTALES|
2.0|567300.0|3.0|9.0|PAIPA|0150|EXPLOTACION MIXTA (AGRICOLA Y PECUARIA)|
1.0|263040.0|1.0|6.0|BELEN|3600|CAPTACION- TRATAMIENTO Y DISTRIBUCION DE AGUA|
2.0|32880.0|2.0|1.0|SAMACA|8622|ACTIVIDADES DE LA PRACTICA ODONTOLOGICA|
1.0|887760.0|18.0|0.0|GAMEZA|8890|OTRAS ACTIVIDADES DE ASISTENCIA SOCIAL SIN ALOJAMIENTO|
2.0|164400.0|3.0|10.0|ARCABUCO|4731|COMERCIO AL POR MENOR DE COMBUSTIBLE PARA AUTOMOTORES|
1.0|0.0|0.0|2.0|MIRAFLORES|0144|CRIA DE GANADO PORCINO|
1.0|0.0|0.0|0.0|CHITARAQUE|4923|TRANSPORTE DE CARGA POR CARRETERA|
1.0|0.0|0.0|1.0|BARBOSA|4210|CONSTRUCCION DE CARRETERAS Y VIAS DE FERROCARRIL|
1.0|263040.0|1.0|3.0|SUTAMARCHAN|6120|ACTIVIDADES DE TELECOMUNICACIONES INALAMBRICAS|
1.0|854880.0|0.0|15.0|RAMIRIQUI|4210|CONSTRUCCION DE CARRETERAS Y VIAS DE FERROCARRIL|
1.0|0.0|1.0|0.0|VILLA DE LEYVA|2023|FABRICACION DE JABONES Y DETERGENTES- PREPARADOS PARA LIMPIAR Y PULIR- PERFUMES Y PREPARADOS DE TOCADOR|
1.0|295920.0|0.0|3.0|TAUSA|0510|EXTRACCION DE HULLA (CARBON DE PIEDRA)|
4.0|624720.0|8.0|50.0|DUITAMA|4322|INSTALACIONES DE FONTANERIA- CALEFACCION Y AIRE ACONDICIONADO|
2.0|32880.0|9.0|1.0|CHIQUINQUIRA|5619|OTROS TIPOS DE EXPENDIO DE COMIDAS PREPARADAS NCP|
1.0|32880.0|0.0|3.0|OICATA|9499|ACTIVIDADES DE OTRAS ASOCIACIONES NCP|
1.0|0.0|0.0|0.0|TUNJA|1102|ELABORACION DE BEBIDAS FERMENTADAS NO DESTILADAS|
1.0|0.0|0.0|0.0|PAJARITO|7110|ACTIVIDADES DE ARQUITECTURA E INGENIERIA Y OTRAS ACTIVIDADES CONEXAS DE CONSULTORIA TECNICA|
1.0|230160.0|15.0|11.0|VILLA DE LEYVA|8610|ACTIVIDADES DE HOSPITALES Y CLINICAS- CON INTERNACION|
1.0|98640.0|1.0|4.0|SOGAMOSO|8530|ESTABLECIMIENTOS QUE COMBINAN DIFERENTES NIVELES DE EDUCACION|
1.0|0.0|1.0|0.0|VILLA DE LEYVA|4774|COMERCIO AL POR MENOR DE OTROS PRODUCTOS NUEVOS EN ESTABLECIMIENTOS ESPECIALIZADOS|
1.0|328800.0|12.0|18.0|MOTAVITA|8411|ACTIVIDADES LEGISLATIVAS DE LA ADMINISTRACION PUBLICA|
1.0|65760.0|2.0|1.0|TENZA|9491|ACTIVIDADES DE ASOCIACIONES RELIGIOSAS|
1.0|98640.0|2.0|0.0|FUNZA|2023|FABRICACION DE JABONES Y DETERGENTES- PREPARADOS PARA LIMPIAR Y PULIR- PERFUMES Y PREPARADOS DE TOCADOR|
1.0|920640.0|15.0|26.0|DUITAMA|7820|ACTIVIDADES DE AGENCIAS DE EMPLEO TEMPORAL|
1.0|0.0|0.0|2.0|COVENAS|4921|TRANSPORTE DE PASAJEROS|
1.0|0.0|0.0|0.0|SACHICA|4752|COMERCIO AL POR MENOR DE ARTICULOS DE FERRETERIA- PINTURAS Y PRODUCTOS DE VIDRIO EN ESTABLECIMIENTOS ESPECIALIZADOS|
3.0|197280.0|2.0|5.0|SANTAFE DE BOGOTA|6521|SERVICIOS DE SEGUROS SOCIALES DE SALUD|
1.0|65760.0|1.0|0.0|CHIA|4610|COMERCIO AL POR MAYOR A CAMBIO DE UNA RETRIBUCION O POR CONTRATA|
1.0|0.0|1.0|2.0|MARIPI|4711|COMERCIO AL POR MENOR EN ESTABLECIMIENTOS NO ESPECIALIZADOS CON SURTIDO COMPUESTO PRINCIPALMENTE POR ALIMENTOS- BEBIDAS O TABACO|
1.0|131520.0|0.0|3.0|CHIA|4511|COMERCIO DE VEHICULOS AUTOMOTORES NUEVOS|
1.0|164400.0|2.0|0.0|TUNJA|1090|ELABORACION DE ALIMENTOS PREPARADOS PARA ANIMALES|
1.0|65760.0|0.0|1.0|SANTANDER DE QUILICHAO|1709|FABRICACION DE OTROS ARTICULOS DE PAPEL Y CARTON|
1.0|0.0|6.0|3.0|LA UVITA|8621|ACTIVIDADES DE LA PRACTICA MEDICA- SIN INTERNACION|
1.0|197280.0|16.0|13.0|EL COCUY|8610|ACTIVIDADES DE HOSPITALES Y CLINICAS- CON INTERNACION|
1.0|624720.0|10.0|21.0|SUTAMARCHAN|4731|COMERCIO AL POR MENOR DE COMBUSTIBLE PARA AUTOMOTORES|
1.0|37820.0|0.0|1.0|SOGAMOSO|0121|CULTIVO DE FRUTAS TROPICALES Y SUBTROPICALES|
1.0|295920.0|1.0|7.0|PAIPA|5590|OTROS TIPOS DE ALOJAMIENTO NCP|
1.0|0.0|1.0|0.0|CHISCAS|8890|OTRAS ACTIVIDADES DE ASISTENCIA SOCIAL SIN ALOJAMIENTO|
1.0|0.0|0.0|0.0|SANTA ROSA DE VITERBO|9499|ACTIVIDADES DE OTRAS ASOCIACIONES NCP|
1.0|164400.0|10.0|7.0|RAMIRIQUI|8610|ACTIVIDADES DE HOSPITALES Y CLINICAS- CON INTERNACION|
1.0|197280.0|3.0|3.0|BOYACA|4731|COMERCIO AL POR MENOR DE COMBUSTIBLE PARA AUTOMOTORES|
1.0|197280.0|4.0|10.0|LA UVITA|8411|ACTIVIDADES LEGISLATIVAS DE LA ADMINISTRACION PUBLICA|
1.0|32880.0|1.0|0.0|PAZ DEL RIO|8622|ACTIVIDADES DE LA PRACTICA ODONTOLOGICA|
1.0|32880.0|1.0|1.0|TOCA|9491|ACTIVIDADES DE ASOCIACIONES RELIGIOSAS|
1.0|131520.0|0.0|3.0|BELEN|5613|EXPENDIO DE COMIDAS PREPARADAS EN CAFETERIAS|
1.0|98640.0|0.0|2.0|VENTAQUEMADA|4661|COMERCIO AL POR MAYOR DE COMBUSTIBLES SOLIDOS- LIQUIDOS- GASEOSOS Y PRODUCTOS CONEXOS|
1.0|526080.0|8.0|14.0|SOTAQUIRA|8121|LIMPIEZA GENERAL INTERIOR DE EDIFICIOS|
2.0|32880.0|2.0|3.0|BARRANQUILLA|7020|ACTIVIDADES DE CONSULTARIA DE GESTION|
1.0|3139060.0|26.0|19.0|VILLA DE LEYVA|0125|CULTIVO DE FLOR DE CORTE|
1.0|460320.0|10.0|6.0|BOYACA|8610|ACTIVIDADES DE HOSPITALES Y CLINICAS- CON INTERNACION|
1.0|98640.0|0.0|1.0|ARCABUCO|4754|COMERCIO AL POR MENOR DE ELECTRODOMESTICOS Y GASODOMESTICOS DE USO DOMESTICO- MUEBLES Y EQUIPOS DE ILUMINACION|
1.0|295920.0|5.0|25.0|PAIPA|4632|COMERCIO AL POR MAYOR DE BEBIDAS Y TABACO|
2.0|164400.0|5.0|19.0|DUITAMA|2310|FABRICACION DE VIDRIO Y PRODUCTOS DE VIDRIO|
1.0|0.0|2.0|1.0|PAIPA|5613|EXPENDIO DE COMIDAS PREPARADAS EN CAFETERIAS|
1.0|0.0|1.0|4.0|PAIPA|9329|OTRAS ACTIVIDADES RECREATIVAS Y DE ESPARCIMIENTO NCP|
1.0|65760.0|0.0|1.0|TINJACA|4923|TRANSPORTE DE CARGA POR CARRETERA|
1.0|0.0|0.0|4.0|ENVIGADO|5224|MANIPULACION DE CARGA|
1.0|131520.0|1.0|2.0|SACHICA|6190|OTRAS ACTIVIDADES DE TELECOMUNICACIONES|
1.0|0.0|2.0|1.0|CHIQUINQUIRA|3312|MANTENIMIENTO Y REPARACION ESPECIALIZADO DE MAQUINARIA Y EQUIPO|
1.0|65760.0|1.0|1.0|TURMEQUE|8413|REGULACION DE LAS ACTIVIDADES DE ORGANISMOS QUE PRESTAN SERVICIOS DE SALUD- EDUCATIVOS- CULTURALES Y OTROS SERVICIOS SOCIALES- EXCEPTO SERVICIOS DE SEGURIDAD SOCIAL|
1.0|0.0|2.0|0.0|CHITA|4773|COMERCIO AL POR MENOR DE PRODUCTOS FARMACEUTICOS Y MEDICINALES- COSMETICOS Y ARTICULOS DE TOCADOR EN ESTABLECIMIENTOS ESPECIALIZADOS|
1.0|0.0|4.0|20.0|PAJARITO|4210|CONSTRUCCION DE CARRETERAS Y VIAS DE FERROCARRIL|
1.0|493200.0|3.0|14.0|CHIQUINQUIRA|8010|ACTIVIDADES DE SEGURIDAD PRIVADA|
1.0|0.0|0.0|1.0|CALI|1072|ELABORACION DE PANELA|
1.0|164400.0|1.0|5.0|SOATA|8413|REGULACION DE LAS ACTIVIDADES DE ORGANISMOS QUE PRESTAN SERVICIOS DE SALUD- EDUCATIVOS- CULTURALES Y OTROS SERVICIOS SOCIALES- EXCEPTO SERVICIOS DE SEGURIDAD SOCIAL|
1.0|0.0|0.0|0.0|RAMIRIQUI|9499|ACTIVIDADES DE OTRAS ASOCIACIONES NCP|
1.0|65760.0|2.0|5.0|GACHANTIVA|8610|ACTIVIDADES DE HOSPITALES Y CLINICAS- CON INTERNACION|
1.0|0.0|1.0|0.0|CHINAVITA|1040|ELABORACION DE PRODUCTOS LACTEOS|
1.0|65760.0|2.0|1.0|MEDELLIN|7911|ACTIVIDADES DE LAS AGENCIAS DE VIAJE|
1.0|197280.0|0.0|5.0|COTA|1011|PROCESAMIENTO Y CONSERVACION DE CARNE Y PRODUCTOS CARNICOS|
1.0|131520.0|1.0|20.0|NOBSA|8110|ACTIVIDADES COMBINADAS DE APOYO A INSTALACIONES|
1.0|263040.0|6.0|3.0|NUEVO COLON|8621|ACTIVIDADES DE LA PRACTICA MEDICA- SIN INTERNACION|
1.0|0.0|0.0|0.0|BELEN|8299|OTRAS ACTIVIDADES DE SERVICIO DE APOYO A LAS EMPRESAS NCP|
1.0|1052160.0|24.0|1.0|MONGUI|8890|OTRAS ACTIVIDADES DE ASISTENCIA SOCIAL SIN ALOJAMIENTO|
1.0|131520.0|3.0|0.0|YUMBO|1089|ELABORACION DE OTROS PRODUCTOS ALIMENTICIOS NCP|
1.0|0.0|0.0|1.0|MONIQUIRA|0121|CULTIVO DE FRUTAS TROPICALES Y SUBTROPICALES|
1.0|164400.0|3.0|5.0|SACHICA|3120|FABRICACION DE COLCHONES Y SOMIERES|
1.0|0.0|0.0|2.0|GARAGOA|4653|COMERCIO AL POR MAYOR DE MAQUINARIA Y EQUIPO AGROPECUARIOS|
1.0|453840.0|2.0|16.0|TUNJA|0240|SERVICIOS DE APOYO A LA SILVICULTURA|
1.0|98640.0|0.0|2.0|SAMACA|2410|INDUSTRIAS BASICAS DE HIERRO Y DE ACERO|
1.0|0.0|1.0|0.0|GARAGOA|6020|ACTIVIDADES DE PROGRAMACION Y TRANSMISION DE TELEVISION|
1.0|0.0|0.0|0.0|NUEVO COLON|5511|ALOJAMIENTO EN HOTELES|
1.0|0.0|1.0|0.0|ZETAQUIRA|8422|ACTIVIDADES DE DEFENSA|
1.0|0.0|0.0|1.0|MALAGA|4923|TRANSPORTE DE CARGA POR CARRETERA|
1.0|0.0|0.0|0.0|ALBANIA|9499|ACTIVIDADES DE OTRAS ASOCIACIONES NCP|
1.0|0.0|0.0|1.0|MANIZALES|0161|ACTIVIDADES DE APOYO A LA AGRICULTURA|
1.0|32880.0|0.0|3.0|COTA|2816|FABRICACION DE EQUIPO DE ELEVACION Y MANIPULACION|
1.0|0.0|0.0|0.0|SAN LUIS DE GACENO|4645|COMERCIO AL POR MAYOR DE PRODUCTOS FARMACEUTICOS- MEDICINALES- COSMETICOS Y DE TOCADOR|
1.0|65760.0|4.0|1.0|TIBASOSA|9491|ACTIVIDADES DE ASOCIACIONES RELIGIOSAS|
1.0|98640.0|0.0|1.0|DUITAMA|6201|ACTIVIDADES DE DESARROLLO DE SISTEMAS INFORMATICOS (PLANIFICACION- ANALISIS- DISEÑ- PROGRAMACION- PRUEBAS)|
1.0|0.0|0.0|0.0|SOATA|3320|INSTALACION ESPECIALIZADA DE MAQUINARIA Y EQUIPO INDUSTRIAL|
1.0|131520.0|1.0|1.0|MUZO|5511|ALOJAMIENTO EN HOTELES|
1.0|32880.0|0.0|2.0|EL ESPINO|4661|COMERCIO AL POR MAYOR DE COMBUSTIBLES SOLIDOS- LIQUIDOS- GASEOSOS Y PRODUCTOS CONEXOS|
1.0|0.0|1.0|0.0|DUITAMA|9005|ARTES PLASTICAS Y VISUALES|
1.0|32880.0|3.0|1.0|TOCA|7730|ALQUILER Y ARRENDAMIENTO DE OTROS TIPOS DE MAQUINARIA- EQUIPO Y BIENES TANGIBLES NCP|
1.0|0.0|0.0|1.0|SANTAFE DE BOGOTA|1709|FABRICACION DE OTROS ARTICULOS DE PAPEL Y CARTON|
1.0|32880.0|0.0|1.0|BARBOSA|4923|TRANSPORTE DE CARGA POR CARRETERA|
1.0|98640.0|1.0|0.0|TIBASOSA|4690|COMERCIO AL POR MAYOR NO ESPECIALIZADO|
1.0|32880.0|1.0|0.0|MONTERIA|2100|FABRICACION DE PRODUCTOS FARMACEUTICOS- SUSTANCIAS QUIMICAS MEDICINALES Y PRODUCTOS BOTANICOS DE USO FARMACEUTICO|
1.0|65760.0|0.0|2.0|MOSQUERA|4651|COMERCIO AL POR MAYOR DE COMPUTADORES- EQUIPO PERIFERICO Y PROGRAMAS DE INFORMATICA|
1.0|789120.0|24.0|6.0|PAIPA|4645|COMERCIO AL POR MAYOR DE PRODUCTOS FARMACEUTICOS- MEDICINALES- COSMETICOS Y DE TOCADOR|
15.0|3649680.0|58.0|91.0|SOGAMOSO|4731|COMERCIO AL POR MENOR DE COMBUSTIBLE PARA AUTOMOTORES|
1.0|32880.0|0.0|1.0|SINCELEJO|4921|TRANSPORTE DE PASAJEROS|
5.0|558960.0|1.0|14.0|CHIVATA|0510|EXTRACCION DE HULLA (CARBON DE PIEDRA)|
9.0|13283520.0|81.0|454.0|SOGAMOSO|2394|FABRICACION DE CEMENTO- CAL Y YESO|
49.0|4373040.0|113.0|71.0|DUITAMA|9499|ACTIVIDADES DE OTRAS ASOCIACIONES NCP|
1.0|0.0|0.0|1.0|MONIQUIRA|0150|EXPLOTACION MIXTA (AGRICOLA Y PECUARIA)|
3.0|361680.0|2.0|8.0|GARAGOA|4520|MANTENIMIENTO Y REPARACION DE VEHICULOS AUTOMOTORES|
1.0|32880.0|2.0|2.0|TRINIDAD|4751|COMERCIO AL POR MENOR DE PRODUCTOS TEXTILES EN ESTABLECIMIENTOS ESPECIALIZADOS|
7.0|328800.0|17.0|4.0|CHIQUINQUIRA|6910|ACTIVIDADES JURIDICAS|
6.0|98640.0|3.0|30.0|SOGAMOSO|0990|ACTIVIDADES DE APOYO PARA OTRAS ACTIVIDADES DE EXPLOTACION DE MINAS Y CANTERAS|
4.0|394560.0|5.0|3.0|SANTAFE DE BOGOTA|4690|COMERCIO AL POR MAYOR NO ESPECIALIZADO|
1.0|65760.0|1.0|1.0|SAMACA|8415|ACTIVIDADES DE LOS OTROS ORGANOS DE CONTROL|
1.0|0.0|3.0|0.0|LA CALERA|4290|CONSTRUCCION DE OTRAS OBRAS DE INGENIERIA CIVIL|
4.0|756240.0|28.0|1.0|SOGAMOSO|4642|COMERCIO AL POR MAYOR DE PRENDAS DE VESTIR|
81.0|7488360.0|72.0|160.0|CHIQUINQUIRA|0141|CRIA DE GANADO BOVINO Y BUFALINO|
5.0|854880.0|7.0|35.0|DUITAMA|2930|FABRICACION DE PARTES- PIEZAS (AUTOPARTES) Y ACCESORIOS (LUJOS) PARA VEHICULOS AUTOMOTORES|
2.0|230160.0|7.0|4.0|MIRAFLORES|1081|ELABORACION DE PRODUCTOS DE PANADERIA|
36.0|4208640.0|94.0|78.0|DUITAMA|4754|COMERCIO AL POR MENOR DE ELECTRODOMESTICOS Y GASODOMESTICOS DE USO DOMESTICO- MUEBLES Y EQUIPOS DE ILUMINACION|
7.0|723360.0|18.0|24.0|NOBSA|9499|ACTIVIDADES DE OTRAS ASOCIACIONES NCP|
1.0|65760.0|0.0|1.0|TASCO|3600|CAPTACION- TRATAMIENTO Y DISTRIBUCION DE AGUA|
3.0|526080.0|0.0|9.0|MONGUA|4923|TRANSPORTE DE CARGA POR CARRETERA|
1.0|427440.0|1.0|22.0|MUZO|8211|ACTIVIDADES COMBINADAS DE SERVICIOS ADMINISTRATIVOS DE OFICINA|
2.0|0.0|2.0|1.0|SOGAMOSO|8511|EDUCACION DE LA PRIMERA INFANCIA|
2.0|32880.0|2.0|0.0|PAIPA|8621|ACTIVIDADES DE LA PRACTICA MEDICA- SIN INTERNACION|
14.0|591840.0|6.0|7.0|DUITAMA|7490|OTRAS ACTIVIDADES PROFESIONALES- CIENTIFICAS Y TECNICAS NCP|
1.0|131520.0|1.0|5.0|TOCANCIPA|4620|COMERCIO AL POR MAYOR DE MATERIAS PRIMAS AGROPECUARIAS- ANIMALES VIVOS|
1.0|164400.0|0.0|13.0|OTANCHE|4923|TRANSPORTE DE CARGA POR CARRETERA|
1.0|0.0|0.0|1.0|SANTAFE DE BOGOTA|4641|COMERCIO AL POR MAYOR DE PRODUCTOS TEXTILES- PRODUCTOS CONFECCIONADOS PARA USO DOMESTICO|
2.0|0.0|0.0|3.0|MEDELLIN|4923|TRANSPORTE DE CARGA POR CARRETERA|
5.0|230160.0|2.0|4.0|DUITAMA|4761|COMERCIO AL POR MENOR DE LIBROS- PERIODICOS- MATERIALES Y ARTICULOS DE PAPELERIA Y ESCRITORIO- EN ESTABLECIMIENTOS ESPECIALIZADOS|
1.0|0.0|1.0|0.0|ITAGUI|6201|ACTIVIDADES DE DESARROLLO DE SISTEMAS INFORMATICOS (PLANIFICACION- ANALISIS- DISEÑ- PROGRAMACION- PRUEBAS)|
1.0|0.0|1.0|0.0|SABANETA|4774|COMERCIO AL POR MENOR DE OTROS PRODUCTOS NUEVOS EN ESTABLECIMIENTOS ESPECIALIZADOS|
2.0|723360.0|7.0|17.0|BELEN|4664|COMERCIO AL POR MAYOR DE PRODUCTOS QUIMICOS BASICOS- CAUCHOS Y PLASTICOS EN FORMAS PRIMARIAS Y PRODUCTOS QUIMICOS DE USO AGROPECUARIO|
1.0|65760.0|4.0|2.0|BARRANQUILLA|4290|CONSTRUCCION DE OTRAS OBRAS DE INGENIERIA CIVIL|
1.0|131520.0|0.0|4.0|GARAGOA|5629|ACTIVIDADES DE OTROS SERVICIOS DE COMIDAS|
2.0|197280.0|0.0|12.0|SOTAQUIRA|4722|COMERCIO AL POR MENOR DE LECHE- PRODUCTOS LACTEOS Y HUEVOS- EN ESTABLECIMIENTOS ESPECIALIZADOS|
7.0|1479600.0|18.0|18.0|DUITAMA|1040|ELABORACION DE PRODUCTOS LACTEOS|
1.0|197280.0|1.0|7.0|SOGAMOSO|2391|FABRICACION DE PRODUCTOS REFRACTARIOS|
2.0|0.0|0.0|3.0|SOGAMOSO|6630|ACTIVIDADES DE ADMINISTRACION DE FONDOS|
4.0|263040.0|4.0|9.0|PUERTO BOYACA|4664|COMERCIO AL POR MAYOR DE PRODUCTOS QUIMICOS BASICOS- CAUCHOS Y PLASTICOS EN FORMAS PRIMARIAS Y PRODUCTOS QUIMICOS DE USO AGROPECUARIO|
1.0|98640.0|0.0|7.0|MUZO|4711|COMERCIO AL POR MENOR EN ESTABLECIMIENTOS NO ESPECIALIZADOS CON SURTIDO COMPUESTO PRINCIPALMENTE POR ALIMENTOS- BEBIDAS O TABACO|
1.0|854880.0|0.0|29.0|SANTAFE DE BOGOTA|2720|FABRICACION DE PILAS- BATERIAS Y ACUMULADORES ELECTRICOS|
3.0|460320.0|1.0|10.0|SORACA|4664|COMERCIO AL POR MAYOR DE PRODUCTOS QUIMICOS BASICOS- CAUCHOS Y PLASTICOS EN FORMAS PRIMARIAS Y PRODUCTOS QUIMICOS DE USO AGROPECUARIO|
11.0|1380960.0|11.0|57.0|DUITAMA|9511|MANTENIMIENTO Y REPARACION DE COMPUTADORES Y DE EQUIPO PERIFERICO|
10.0|2137200.0|50.0|17.0|SANTAFE DE BOGOTA|7010|ACTIVIDADES DE ADMINISTRACION EMPRESARIAL|
1.0|328800.0|9.0|15.0|PESCA|8411|ACTIVIDADES LEGISLATIVAS DE LA ADMINISTRACION PUBLICA|
2.0|0.0|0.0|3.0|CALI|8299|OTRAS ACTIVIDADES DE SERVICIO DE APOYO A LAS EMPRESAS NCP|
12.0|2104320.0|19.0|108.0|PUERTO BOYACA|4923|TRANSPORTE DE CARGA POR CARRETERA|
2.0|32880.0|0.0|5.0|JENESANO|4711|COMERCIO AL POR MENOR EN ESTABLECIMIENTOS NO ESPECIALIZADOS CON SURTIDO COMPUESTO PRINCIPALMENTE POR ALIMENTOS- BEBIDAS O TABACO|
1.0|0.0|1.0|0.0|TURMEQUE|8299|OTRAS ACTIVIDADES DE SERVICIO DE APOYO A LAS EMPRESAS NCP|
3.0|131520.0|3.0|0.0|SAMACA|5611|EXPENDIO A LA MESA DE COMIDAS PREPARADAS|
1.0|65760.0|2.0|3.0|TUNJA|1399|FABRICACION DE OTROS ARTICULOS TEXTILES NCP|
2.0|1545360.0|7.0|62.0|DUITAMA|2410|INDUSTRIAS BASICAS DE HIERRO Y DE ACERO|
1.0|98640.0|0.0|2.0|OTANCHE|4752|COMERCIO AL POR MENOR DE ARTICULOS DE FERRETERIA- PINTURAS Y PRODUCTOS DE VIDRIO EN ESTABLECIMIENTOS ESPECIALIZADOS|
2.0|0.0|0.0|1.0|GARAGOA|4723|COMERCIO AL POR MENOR DE CARNES (INCLUYE AVES DE CORRAL)- PRODUCTOS CARNICOS- PESCADOS Y PRODUCTOS DE MAR- EN ESTABLECIMIENTOS ESPECIALIZADOS|
3.0|493200.0|2.0|32.0|CHIQUINQUIRA|8110|ACTIVIDADES COMBINADAS DE APOYO A INSTALACIONES|
1.0|0.0|0.0|0.0|NOBSA|1040|ELABORACION DE PRODUCTOS LACTEOS|
1.0|32880.0|0.0|1.0|GUARNE|2392|FABRICACION DE MATERIALES DE ARCILLA PARA LA CONSTRUCCION|
3.0|526080.0|6.0|27.0|DUITAMA|8010|ACTIVIDADES DE SEGURIDAD PRIVADA|
5.0|416020.0|4.0|15.0|SOGAMOSO|0145|CRIA DE AVES DE CORRAL|
1.0|164400.0|3.0|0.0|IBAGUE|4771|COMERCIO AL POR MENOR DE PRENDAS DE VESTIR Y SUS ACCESORIOS (INCLUYE ARTICULOS DE PIEL) EN ESTABLECIMIENTOS ESPECIALIZADOS|
5.0|1348080.0|41.0|11.0|SANTAFE DE BOGOTA|8610|ACTIVIDADES DE HOSPITALES Y CLINICAS- CON INTERNACION|
2.0|295920.0|0.0|43.0|SOCOTA|4290|CONSTRUCCION DE OTRAS OBRAS DE INGENIERIA CIVIL|
3.0|164400.0|5.0|0.0|CHIQUINQUIRA|6820|ACTIVIDADES INMOBILIARIAS REALIZADAS A CAMBIO DE UNA RETRIBUCION O POR CONTRATA|
2.0|65760.0|2.0|0.0|TUNJA|2023|FABRICACION DE JABONES Y DETERGENTES- PREPARADOS PARA LIMPIAR Y PULIR- PERFUMES Y PREPARADOS DE TOCADOR|
3.0|98640.0|4.0|2.0|PUERTO BOYACA|4741|COMERCIO AL POR MENOR DE COMPUTADORES- EQUIPOS PERIFERICOS- PROGRAMAS DE INFORMATICA Y EQUIPOS DE TELECOMUNICACIONES EN ESTABLECIMIENTOS ESPECIALIZADOS|
1.0|32880.0|1.0|0.0|PAIPA|4761|COMERCIO AL POR MENOR DE LIBROS- PERIODICOS- MATERIALES Y ARTICULOS DE PAPELERIA Y ESCRITORIO- EN ESTABLECIMIENTOS ESPECIALIZADOS|
1.0|0.0|5.0|4.0|MOSQUERA|3120|FABRICACION DE COLCHONES Y SOMIERES|
1.0|0.0|0.0|0.0|PUERTO BOYACA|3313|MANTENIMIENTO Y REPARACION ESPECIALIZADO DE EQUIPO ELECTRONICO Y OPTICO|
2.0|1052160.0|8.0|25.0|SANTAFE DE BOGOTA|4721|COMERCIO AL POR MENOR DE PRODUCTOS AGRICOLAS PARA EL CONSUMO EN ESTABLECIMIENTOS ESPECIALIZADOS|
6.0|8318640.0|219.0|78.0|TUNJA|9200|ACTIVIDADES DE JUEGOS DE AZAR Y APUESTAS|
1.0|0.0|0.0|1.0|CUCUTA|1051|ELABORACION DE PRODUCTOS DE MOLINERIA|
4.0|197280.0|3.0|8.0|DUITAMA|0811|EXTRACCION DE PIEDRA- ARENA- ARCILLAS COMUNES- YESO Y ANHIDRITA|
3.0|264740.0|2.0|20.0|SANTAFE DE BOGOTA|0149|CRIA DE OTROS ANIMALES NCP|
4.0|98640.0|7.0|6.0|TUNJA|5629|ACTIVIDADES DE OTROS SERVICIOS DE COMIDAS|
3.0|460320.0|5.0|8.0|MONIQUIRA|5513|ALOJAMIENTO EN CENTROS VACACIONALES|
1.0|230160.0|5.0|1.0|COMBITA|7010|ACTIVIDADES DE ADMINISTRACION EMPRESARIAL|
3.0|394560.0|6.0|8.0|CHIQUIZA|8411|ACTIVIDADES LEGISLATIVAS DE LA ADMINISTRACION PUBLICA|
1.0|131520.0|0.0|6.0|TOGUI|3600|CAPTACION- TRATAMIENTO Y DISTRIBUCION DE AGUA|
1.0|197280.0|7.0|1.0|TINJACA|1020|PROCESAMIENTO Y CONSERVACION DE FRUTAS- LEGUMBRES- HORTALIZAS Y TUBERCULOS|
3.0|526080.0|8.0|16.0|TIBASOSA|3600|CAPTACION- TRATAMIENTO Y DISTRIBUCION DE AGUA|
1.0|0.0|5.0|5.0|MARIPI|8621|ACTIVIDADES DE LA PRACTICA MEDICA- SIN INTERNACION|
1.0|0.0|1.0|0.0|SANTAFE DE BOGOTA|6492|ACTIVIDADES FINANCIERAS DE FONDOS DE EMPLEADOS Y OTRAS FORMAS ASOCIATIVAS DEL SECTOR SOLIDARIO|
2.0|1052160.0|33.0|2.0|SANTANA|9499|ACTIVIDADES DE OTRAS ASOCIACIONES NCP|
2.0|131520.0|12.0|9.0|VILLA DE LEYVA|5513|ALOJAMIENTO EN CENTROS VACACIONALES|
1.0|263040.0|2.0|3.0|VILLA DE LEYVA|4729|COMERCIO AL POR MENOR DE OTROS PRODUCTOS ALIMENTICIOS NCP- EN ESTABLECIMIENTOS ESPECIALIZADOS|
1.0|0.0|2.0|1.0|CUCAITA|0150|EXPLOTACION MIXTA (AGRICOLA Y PECUARIA)|
1.0|32880.0|1.0|0.0|SANTAFE DE BOGOTA|3250|FABRICACION DE INSTRUMENTOS- APARATOS Y MATERIALES MEDICOS Y ODONTOLOGICOS (INCLUIDO MOBILIARIO)|
4.0|32880.0|3.0|0.0|FIRAVITOBA|9700|ACTIVIDADES DE LOS HOGARES INDIVIDUALES COMO EMPLEADORES DE PERSONAL DOMESTICO|
1.0|0.0|1.0|0.0|DUITAMA|2100|FABRICACION DE PRODUCTOS FARMACEUTICOS- SUSTANCIAS QUIMICAS MEDICINALES Y PRODUCTOS BOTANICOS DE USO FARMACEUTICO|
3.0|657600.0|3.0|23.0|SAMACA|2511|FABRICACION DE PRODUCTOS METALICOS PARA USO ESTRUCTURAL|
3.0|1085040.0|103.0|72.0|SANTAFE DE BOGOTA|8411|ACTIVIDADES LEGISLATIVAS DE LA ADMINISTRACION PUBLICA|
1.0|0.0|3.0|1.0|SIACHOQUE|4653|COMERCIO AL POR MAYOR DE MAQUINARIA Y EQUIPO AGROPECUARIOS|
1.0|0.0|0.0|1.0|JENESANO|4290|CONSTRUCCION DE OTRAS OBRAS DE INGENIERIA CIVIL|
4.0|1052160.0|21.0|26.0|TUNJA|4641|COMERCIO AL POR MAYOR DE PRODUCTOS TEXTILES- PRODUCTOS CONFECCIONADOS PARA USO DOMESTICO|
1.0|65760.0|2.0|0.0|PAZ DEL RIO|4752|COMERCIO AL POR MENOR DE ARTICULOS DE FERRETERIA- PINTURAS Y PRODUCTOS DE VIDRIO EN ESTABLECIMIENTOS ESPECIALIZADOS|
1.0|0.0|0.0|1.0|MIRAFLORES|4711|COMERCIO AL POR MENOR EN ESTABLECIMIENTOS NO ESPECIALIZADOS CON SURTIDO COMPUESTO PRINCIPALMENTE POR ALIMENTOS- BEBIDAS O TABACO|
18.0|17788080.0|519.0|133.0|TUNJA|8121|LIMPIEZA GENERAL INTERIOR DE EDIFICIOS|
1.0|65760.0|0.0|2.0|PAIPA|3320|INSTALACION ESPECIALIZADA DE MAQUINARIA Y EQUIPO INDUSTRIAL|
2.0|226920.0|0.0|7.0|SANTAFE DE BOGOTA|0113|CULTIVO DE HORTALIZAS- RAICES Y TUBERCULOS|
1.0|32880.0|1.0|0.0|SANTA SOFIA|9001|CREACION LITERARIA|
3.0|690480.0|0.0|19.0|SATIVASUR|0510|EXTRACCION DE HULLA (CARBON DE PIEDRA)|
2.0|887760.0|20.0|1.0|PUERTO BOYACA|9900|ACTIVIDADES DE ORGANIZACIONES Y ENTIDADES EXTRATERRITORIALES|
3.0|1150800.0|16.0|40.0|SANTAFE DE BOGOTA|7710|ALQUILER Y ARRENDAMIENTO DE VEHICULOS AUTOMOTORES|
1.0|0.0|0.0|1.0|MIRAFLORES|0121|CULTIVO DE FRUTAS TROPICALES Y SUBTROPICALES|
1.0|0.0|2.0|0.0|VILLA DE LEYVA|9005|ARTES PLASTICAS Y VISUALES|
1.0|65760.0|3.0|0.0|SAMACA|4723|COMERCIO AL POR MENOR DE CARNES (INCLUYE AVES DE CORRAL)- PRODUCTOS CARNICOS- PESCADOS Y PRODUCTOS DE MAR- EN ESTABLECIMIENTOS ESPECIALIZADOS|
1.0|0.0|0.0|1.0|TUNJA|0144|CRIA DE GANADO PORCINO|
1.0|131520.0|1.0|8.0|TARSO|6810|ACTIVIDADES INMOBILIARIAS REALIZADAS CON BIENES PROPIOS O ARRENDADOS|
1.0|0.0|0.0|2.0|CHIA|5224|MANIPULACION DE CARGA|
4.0|558960.0|12.0|48.0|TUNJA|1630|FABRICACION DE PARTES Y PIEZAS DE MADERA- DE CARPINTERIA Y EBANISTERIA PARA LA CONSTRUCCION|
1.0|0.0|1.0|3.0|PAIPA|0143|CRIA DE OVEJAS Y CABRAS|
2.0|65760.0|0.0|3.0|CHIQUINQUIRA|2511|FABRICACION DE PRODUCTOS METALICOS PARA USO ESTRUCTURAL|
1.0|789120.0|0.0|24.0|VENTAQUEMADA|4921|TRANSPORTE DE PASAJEROS|
1.0|263040.0|5.0|7.0|PAUNA|7110|ACTIVIDADES DE ARQUITECTURA E INGENIERIA Y OTRAS ACTIVIDADES CONEXAS DE CONSULTORIA TECNICA|
1.0|756240.0|8.0|3.0|SORACA|8610|ACTIVIDADES DE HOSPITALES Y CLINICAS- CON INTERNACION|
2.0|986400.0|13.0|6.0|SANTAFE DE BOGOTA|9200|ACTIVIDADES DE JUEGOS DE AZAR Y APUESTAS|
2.0|558960.0|31.0|34.0|SOGAMOSO|8890|OTRAS ACTIVIDADES DE ASISTENCIA SOCIAL SIN ALOJAMIENTO|
2.0|197280.0|0.0|9.0|TASCO|4923|TRANSPORTE DE CARGA POR CARRETERA|
1.0|164400.0|0.0|2.0|TENJO|4631|COMERCIO AL POR MAYOR DE PRODUCTOS ALIMENTICIOS|
1.0|65760.0|0.0|3.0|CIENEGA|8412|ACTIVIDADES EJECUTIVAS DE LA ADMINISTRACION PUBLICA|
2.0|131520.0|1.0|2.0|SOATA|9491|ACTIVIDADES DE ASOCIACIONES RELIGIOSAS|
5.0|131520.0|26.0|5.0|VILLA DE LEYVA|9491|ACTIVIDADES DE ASOCIACIONES RELIGIOSAS|
3.0|1611120.0|21.0|22.0|JENESANO|8411|ACTIVIDADES LEGISLATIVAS DE LA ADMINISTRACION PUBLICA|
1.0|328800.0|1.0|15.0|SOGAMOSO|7729|ALQUILER Y ARRENDAMIENTO DE OTROS EFECTOS PERSONALES Y ENSERES DOMESTICOS NCP|
1.0|0.0|0.0|1.0|PAIPA|0119|OTROS CULTIVOS TRANSITORIOS NCP|
1.0|65760.0|0.0|2.0|VILLA DE LEYVA|4741|COMERCIO AL POR MENOR DE COMPUTADORES- EQUIPOS PERIFERICOS- PROGRAMAS DE INFORMATICA Y EQUIPOS DE TELECOMUNICACIONES EN ESTABLECIMIENTOS ESPECIALIZADOS|
1.0|32880.0|0.0|1.0|YOPAL|4220|CONSTRUCCION DE PROYECTOS DE SERVICIO PUBLICO|
1.0|0.0|1.0|0.0|TUNJA|9101|ACTIVIDADES DE BIBLIOTECAS Y ARCHIVOS|
1.0|0.0|0.0|1.0|VENTAQUEMADA|3600|CAPTACION- TRATAMIENTO Y DISTRIBUCION DE AGUA|
1.0|0.0|0.0|1.0|TUTA|1051|ELABORACION DE PRODUCTOS DE MOLINERIA|
1.0|0.0|3.0|0.0|ZETAQUIRA|4732|COMERCIO AL POR MENOR DE LUBRICANTES (ACEITES- GRASAS)- ADITIVOS Y PRODUCTOS DE LIMPIEZA PARA VEHICULOS AUTOMOTORES|
3.0|1348080.0|24.0|31.0|SAMACA|4921|TRANSPORTE DE PASAJEROS|
1.0|0.0|0.0|2.0|UMBITA|4664|COMERCIO AL POR MAYOR DE PRODUCTOS QUIMICOS BASICOS- CAUCHOS Y PLASTICOS EN FORMAS PRIMARIAS Y PRODUCTOS QUIMICOS DE USO AGROPECUARIO|
1.0|263040.0|0.0|13.0|FIRAVITOBA|4111|CONSTRUCCION DE EDIFICIOS RESIDENCIALES|
1.0|65760.0|1.0|0.0|TUNJA|6423|BANCA DE SEGUNDO PISO|
2.0|394560.0|0.0|16.0|BUCARAMANGA|4923|TRANSPORTE DE CARGA POR CARRETERA|
2.0|361680.0|1.0|8.0|SAN MATEO|3600|CAPTACION- TRATAMIENTO Y DISTRIBUCION DE AGUA|
1.0|197280.0|6.0|1.0|PAYA|8699|OTRAS ACTIVIDADES DE ATENCION DE LA SALUD HUMANA|
1.0|131520.0|0.0|1.0|OICATA|8621|ACTIVIDADES DE LA PRACTICA MEDICA- SIN INTERNACION|
1.0|0.0|0.0|1.0|MONIQUIRA|4754|COMERCIO AL POR MENOR DE ELECTRODOMESTICOS Y GASODOMESTICOS DE USO DOMESTICO- MUEBLES Y EQUIPOS DE ILUMINACION|
2.0|32880.0|3.0|1.0|MONIQUIRA|8622|ACTIVIDADES DE LA PRACTICA ODONTOLOGICA|
1.0|0.0|1.0|0.0|TURBACO|2022|FABRICACION DE PINTURAS- BARNICES Y REVESTIMIENTOS SIMILARES- TINTAS PARA IMPRESION Y MASILLAS|
2.0|32880.0|3.0|2.0|VILLA DE LEYVA|9609|OTRAS ACTIVIDADES DE SERVICIOS PERSONALES NCP|
1.0|1282320.0|55.0|29.0|TOCANCIPA|5612|EXPENDIO POR AUTOSERVICIO DE COMIDAS PREPARADAS|
1.0|65760.0|0.0|1.0|CALI|2599|FABRICACION DE OTROS PRODUCTOS ELABORADOS DE METAL NCP|
1.0|0.0|0.0|0.0|PUERTO BOYACA|5221|ACTIVIDADES DE ESTACIONES- VIAS Y SERVICIOS COMPLEMENTARIOS PARA EL TRANSPORTE TERRESTRE|
1.0|263040.0|11.0|0.0|TOGUI|8890|OTRAS ACTIVIDADES DE ASISTENCIA SOCIAL SIN ALOJAMIENTO|
1.0|32880.0|2.0|25.0|ARMENIA|4290|CONSTRUCCION DE OTRAS OBRAS DE INGENIERIA CIVIL|
2.0|164400.0|4.0|0.0|SANTAFE DE BOGOTA|1051|ELABORACION DE PRODUCTOS DE MOLINERIA|
1.0|131520.0|8.0|3.0|SOGAMOSO|5210|ALMACENAMIENTO Y DEPOSITO|
2.0|197280.0|2.0|4.0|PUERTO BOYACA|4723|COMERCIO AL POR MENOR DE CARNES (INCLUYE AVES DE CORRAL)- PRODUCTOS CARNICOS- PESCADOS Y PRODUCTOS DE MAR- EN ESTABLECIMIENTOS ESPECIALIZADOS|
1.0|98640.0|2.0|0.0|SANTAFE DE BOGOTA|6612|CORRETAJE DE VALORES Y DE CONTRATOS DE PRODUCTOS BASICOS|
1.0|0.0|0.0|2.0|EL COCUY|5621|CATERING PARA EVENTOS|
1.0|0.0|0.0|0.0|SAMACA|4769|COMERCIO AL POR MENOR DE OTROS ARTICULOS CULTURALES Y DE ENTRETENIMIENTO NCP EN ESTABLECIMIENTOS ESPECIALIZADOS|
1.0|32880.0|0.0|1.0|EL COCUY|4719|COMERCIO AL POR MENOR EN ESTABLECIMIENTOS NO ESPECIALIZADOS- CON SURTIDO COMPUESTO PRINCIPALMENTE POR PRODUCTOS DIFERENTES DE ALIMENTOS (VIVERES EN GENERAL)- BEBIDAS Y TABACO|
2.0|65760.0|0.0|5.0|DUITAMA|4312|PREPARACION DEL TERRENO|
1.0|32880.0|1.0|0.0|MEDELLIN|2022|FABRICACION DE PINTURAS- BARNICES Y REVESTIMIENTOS SIMILARES- TINTAS PARA IMPRESION Y MASILLAS|
2.0|340380.0|2.0|13.0|MUZO|0141|CRIA DE GANADO BOVINO Y BUFALINO|
5.0|394560.0|17.0|23.0|DUITAMA|6511|SEGUROS GENERALES|
1.0|197280.0|4.0|7.0|SANTA ROSA DE VITERBO|3700|EVACUACION Y TRATAMIENTO DE AGUAS RESIDUALES|
2.0|98640.0|2.0|0.0|RAQUIRA|4731|COMERCIO AL POR MENOR DE COMBUSTIBLE PARA AUTOMOTORES|
1.0|65760.0|2.0|6.0|TUNJA|1082|ELABORACION DE CACAO- CHOCOLATE Y PRODUCTOS DE CONFITERIA|
1.0|98640.0|0.0|1.0|SOMONDOCO|6910|ACTIVIDADES JURIDICAS|
1.0|65760.0|1.0|0.0|TUNJA|3320|INSTALACION ESPECIALIZADA DE MAQUINARIA Y EQUIPO INDUSTRIAL|
1.0|0.0|0.0|1.0|MONIQUIRA|2421|INDUSTRIAS BASICAS DE METALES PRECIOSOS|
1.0|0.0|1.0|2.0|JENESANO|7820|ACTIVIDADES DE AGENCIAS DE EMPLEO TEMPORAL|
2.0|0.0|0.0|2.0|SOGAMOSO|0124|CULTIVO DE CAÑ DE AZUCAR|
1.0|131520.0|5.0|1.0|PUERTO BOYACA|1081|ELABORACION DE PRODUCTOS DE PANADERIA|
1.0|65760.0|0.0|1.0|MUZO|6120|ACTIVIDADES DE TELECOMUNICACIONES INALAMBRICAS|
1.0|131520.0|4.0|1.0|TUNJA|8730|ACTIVIDADES DE ATENCION EN INSTITUCIONES PARA EL CUIDADO DE PERSONAS MAYORES Y/O DISCAPACITADAS|
1.0|0.0|0.0|0.0|FLORIDABLANCA|8299|OTRAS ACTIVIDADES DE SERVICIO DE APOYO A LAS EMPRESAS NCP|
2.0|328800.0|9.0|1.0|NUEVO COLON|9499|ACTIVIDADES DE OTRAS ASOCIACIONES NCP|
1.0|65760.0|0.0|1.0|SOGAMOSO|3313|MANTENIMIENTO Y REPARACION ESPECIALIZADO DE EQUIPO ELECTRONICO Y OPTICO|
2.0|822000.0|10.0|12.0|MACANAL|8411|ACTIVIDADES LEGISLATIVAS DE LA ADMINISTRACION PUBLICA|
1.0|0.0|0.0|1.0|SANTAFE DE BOGOTA|6514|CAPITALIZACION|
2.0|32880.0|1.0|0.0|CALI|7820|ACTIVIDADES DE AGENCIAS DE EMPLEO TEMPORAL|
1.0|690480.0|21.0|12.0|GARAGOA|8412|ACTIVIDADES EJECUTIVAS DE LA ADMINISTRACION PUBLICA|
2.0|65760.0|1.0|4.0|MEDELLIN|6010|ACTIVIDADES DE PROGRAMACION Y TRANSMISION EN EL SERVICIO DE RADIODIFUSION SONORA|
1.0|98640.0|2.0|1.0|SOGAMOSO|5512|ALOJAMIENTO EN APARTAHOTELES|
1.0|75640.0|0.0|15.0|IBAGUE|0143|CRIA DE OVEJAS Y CABRAS|
1.0|113460.0|0.0|1.0|TIBASOSA|0161|ACTIVIDADES DE APOYO A LA AGRICULTURA|
1.0|0.0|1.0|9.0|PUERTO BOYACA|9312|ACTIVIDADES DE CLUBES DEPORTIVOS|
2.0|197280.0|0.0|6.0|SANTAFE DE BOGOTA|0811|EXTRACCION DE PIEDRA- ARENA- ARCILLAS COMUNES- YESO Y ANHIDRITA|
1.0|5293680.0|126.0|47.0|CHIA|4711|COMERCIO AL POR MENOR EN ESTABLECIMIENTOS NO ESPECIALIZADOS CON SURTIDO COMPUESTO PRINCIPALMENTE POR ALIMENTOS- BEBIDAS O TABACO|
1.0|591840.0|9.0|13.0|UMBITA|8411|ACTIVIDADES LEGISLATIVAS DE LA ADMINISTRACION PUBLICA|
2.0|131520.0|4.0|0.0|BARRANQUILLA|2100|FABRICACION DE PRODUCTOS FARMACEUTICOS- SUSTANCIAS QUIMICAS MEDICINALES Y PRODUCTOS BOTANICOS DE USO FARMACEUTICO|
3.0|526080.0|4.0|10.0|SOGAMOSO|5224|MANIPULACION DE CARGA|
1.0|3386640.0|86.0|16.0|FLORIDABLANCA|8121|LIMPIEZA GENERAL INTERIOR DE EDIFICIOS|
1.0|230160.0|10.0|5.0|BUCARAMANGA|6311|PROCESAMIENTO DE DATOS- ALOJAMIENTO (HOSTING) Y ACTIVIDADES RELACIONADAS|
2.0|197280.0|1.0|1.0|NOBSA|5530|SERVICIO POR HORAS|
2.0|32880.0|3.0|7.0|DUITAMA|2229|FABRICACION DE ARTICULOS DE PLASTICO NCP|
2.0|32880.0|0.0|1.0|CALI|4649|COMERCIO AL POR MAYOR DE OTROS UTENSILIOS DOMESTICOS NCP|
1.0|1085040.0|17.0|1.0|CORRALES|9499|ACTIVIDADES DE OTRAS ASOCIACIONES NCP|
1.0|197280.0|0.0|0.0|BETEITIVA|8890|OTRAS ACTIVIDADES DE ASISTENCIA SOCIAL SIN ALOJAMIENTO|
2.0|98640.0|1.0|1.0|JENESANO|9499|ACTIVIDADES DE OTRAS ASOCIACIONES NCP|
1.0|32880.0|4.0|3.0|ITAGUI|9321|ACTIVIDADES DE PARQUES DE ATRACCIONES Y PARQUES TEMATICOS|
2.0|0.0|0.0|2.0|AQUITANIA|0113|CULTIVO DE HORTALIZAS- RAICES Y TUBERCULOS|
1.0|65760.0|1.0|2.0|MONIQUIRA|4112|CONSTRUCCION DE EDIFICIOS NO RESIDENCIALES|
2.0|723360.0|13.0|17.0|SOGAMOSO|8790|OTRAS ACTIVIDADES DE ATENCION EN INSTITUCIONES CON ALOJAMIENTO|
5.0|230160.0|1.0|15.0|ARCABUCO|4923|TRANSPORTE DE CARGA POR CARRETERA|
1.0|32880.0|1.0|0.0|SANTA MARIA|7410|ACTIVIDADES ESPECIALIZADAS DE DISEÑ|
1.0|197280.0|0.0|5.0|VILLA DE LEYVA|8423|ORDEN PUBLICO Y ACTIVIDADES DE SEGURIDAD|
1.0|98640.0|2.0|3.0|BARRANQUILLA|4921|TRANSPORTE DE PASAJEROS|
1.0|65760.0|3.0|0.0|DUITAMA|6421|ACTIVIDADES DE LAS CORPORACIONES FINANCIERAS|
1.0|65760.0|0.0|1.0|TUTA|6810|ACTIVIDADES INMOBILIARIAS REALIZADAS CON BIENES PROPIOS O ARRENDADOS|
1.0|624720.0|2.0|23.0|TUTA|4921|TRANSPORTE DE PASAJEROS|
1.0|65760.0|1.0|5.0|MONIQUIRA|4759|COMERCIO AL POR MENOR DE OTROS ARTICULOS DOMESTICOS EN ESTABLECIMIENTOS ESPECIALIZADOS|
1.0|822000.0|28.0|15.0|CUBARA|8610|ACTIVIDADES DE HOSPITALES Y CLINICAS- CON INTERNACION|
2.0|98640.0|1.0|4.0|NOBSA|4752|COMERCIO AL POR MENOR DE ARTICULOS DE FERRETERIA- PINTURAS Y PRODUCTOS DE VIDRIO EN ESTABLECIMIENTOS ESPECIALIZADOS|
1.0|394560.0|1.0|11.0|OICATA|1610|ASERRADO- ACEPILLADO E IMPREGNACION DE LA MADERA|
1.0|0.0|0.0|0.0|SANTAFE DE BOGOTA|0722|EXTRACCION DE ORO Y OTROS METALES PRECIOSOS|
1.0|98640.0|1.0|0.0|MIRAFLORES|5511|ALOJAMIENTO EN HOTELES|
1.0|0.0|1.0|0.0|CHIQUINQUIRA|1084|ELABORACION DE COMIDAS Y PLATOS PREPARADOS|
1.0|526080.0|1.0|6.0|SOGAMOSO|2211|FABRICACION DE LLANTAS Y NEUMATICOS DE CAUCHO|
1.0|0.0|3.0|4.0|SAN JOSE DE PARE|8610|ACTIVIDADES DE HOSPITALES Y CLINICAS- CON INTERNACION|
1.0|98640.0|1.0|2.0|ARCABUCO|1089|ELABORACION DE OTROS PRODUCTOS ALIMENTICIOS NCP|
1.0|0.0|0.0|1.0|ARCABUCO|5514|ALOJAMIENTO RURAL|
1.0|624720.0|15.0|0.0|TOPAGA|8890|OTRAS ACTIVIDADES DE ASISTENCIA SOCIAL SIN ALOJAMIENTO|
1.0|0.0|20.0|0.0|MONIQUIRA|8890|OTRAS ACTIVIDADES DE ASISTENCIA SOCIAL SIN ALOJAMIENTO|
2.0|4803140.0|25.0|36.0|SAMACA|0150|EXPLOTACION MIXTA (AGRICOLA Y PECUARIA)|
1.0|32880.0|0.0|1.0|SANTA SOFIA|9700|ACTIVIDADES DE LOS HOGARES INDIVIDUALES COMO EMPLEADORES DE PERSONAL DOMESTICO|
2.0|98640.0|1.0|10.0|SANTAFE DE BOGOTA|0610|EXTRACCION DE PETROLEO CRUDO|
1.0|0.0|0.0|0.0|TIBANA|7110|ACTIVIDADES DE ARQUITECTURA E INGENIERIA Y OTRAS ACTIVIDADES CONEXAS DE CONSULTORIA TECNICA|
1.0|65760.0|1.0|1.0|AQUITANIA|9499|ACTIVIDADES DE OTRAS ASOCIACIONES NCP|
1.0|32880.0|0.0|1.0|YUMBO|4664|COMERCIO AL POR MAYOR DE PRODUCTOS QUIMICOS BASICOS- CAUCHOS Y PLASTICOS EN FORMAS PRIMARIAS Y PRODUCTOS QUIMICOS DE USO AGROPECUARIO|
1.0|98640.0|3.0|3.0|CHIQUINQUIRA|3811|RECOLECCION DE DESECHOS NO PELIGROSOS|
3.0|460320.0|8.0|10.0|TOGUI|8411|ACTIVIDADES LEGISLATIVAS DE LA ADMINISTRACION PUBLICA|
2.0|131520.0|2.0|2.0|VILLA DE LEYVA|4771|COMERCIO AL POR MENOR DE PRENDAS DE VESTIR Y SUS ACCESORIOS (INCLUYE ARTICULOS DE PIEL) EN ESTABLECIMIENTOS ESPECIALIZADOS|
1.0|65760.0|2.0|0.0|DUITAMA|6512|SEGUROS DE VIDA|
1.0|427440.0|1.0|9.0|BELEN|4210|CONSTRUCCION DE CARRETERAS Y VIAS DE FERROCARRIL|
1.0|0.0|2.0|5.0|TUNJA|3319|MANTENIMIENTO Y REPARACION DE OTROS TIPOS DE EQUIPOS Y SUS COMPONENTES NCP|
1.0|32880.0|0.0|1.0|LABRANZAGRANDE|3700|EVACUACION Y TRATAMIENTO DE AGUAS RESIDUALES|
1.0|131520.0|1.0|0.0|BELEN|6910|ACTIVIDADES JURIDICAS|
1.0|1512480.0|20.0|21.0|ACACIAS|3520|PRODUCCION DE GAS- DISTRIBUCION DE COMBUSTIBLES GASEOSOS POR TUBERIAS|
1.0|263040.0|2.0|4.0|DUITAMA|2012|FABRICACION DE ABONOS Y COMPUESTOS INORGANICOS NITROGENADOS|
1.0|657600.0|3.0|11.0|ZIPAQUIRA|1040|ELABORACION DE PRODUCTOS LACTEOS|
1.0|869860.0|0.0|18.0|SOGAMOSO|0125|CULTIVO DE FLOR DE CORTE|
1.0|164400.0|5.0|1.0|PAIPA|1089|ELABORACION DE OTROS PRODUCTOS ALIMENTICIOS NCP|
1.0|98640.0|1.0|2.0|GUATEQUE|8559|OTROS TIPOS DE EDUCACION NCP|
1.0|0.0|0.0|1.0|TUNJA|6391|ACTIVIDADES DE AGENCIAS DE NOTICIAS|
1.0|1315200.0|28.0|0.0|MARIPI|8890|OTRAS ACTIVIDADES DE ASISTENCIA SOCIAL SIN ALOJAMIENTO|
1.0|0.0|0.0|3.0|CUITIVA|5511|ALOJAMIENTO EN HOTELES|
1.0|131520.0|1.0|2.0|RAQUIRA|9499|ACTIVIDADES DE OTRAS ASOCIACIONES NCP|
3.0|263040.0|3.0|5.0|DUITAMA|9601|LAVADO Y LIMPIEZA- INCLUSO LA LIMPIEZA EN SECO- DE PRODUCTOS TEXTILES Y DE PIEL|
1.0|65760.0|3.0|0.0|MONIQUIRA|8699|OTRAS ACTIVIDADES DE ATENCION DE LA SALUD HUMANA|
1.0|0.0|0.0|1.0|FLORESTA|3600|CAPTACION- TRATAMIENTO Y DISTRIBUCION DE AGUA|
1.0|4373040.0|92.0|62.0|RAQUIRA|4620|COMERCIO AL POR MAYOR DE MATERIAS PRIMAS AGROPECUARIAS- ANIMALES VIVOS|
1.0|32880.0|2.0|0.0|SANTAFE DE BOGOTA|1430|FABRICACION DE ARTICULOS DE PUNTO Y GANCHILLO|
1.0|98640.0|2.0|0.0|FLORIDABLANCA|4923|TRANSPORTE DE CARGA POR CARRETERA|
1.0|32880.0|4.0|0.0|VILLA DE LEYVA|8512|EDUCACION PREESCOLAR|
1.0|723360.0|9.0|30.0|SOACHA|4754|COMERCIO AL POR MENOR DE ELECTRODOMESTICOS Y GASODOMESTICOS DE USO DOMESTICO- MUEBLES Y EQUIPOS DE ILUMINACION|
1.0|723360.0|15.0|31.0|OTANCHE|8411|ACTIVIDADES LEGISLATIVAS DE LA ADMINISTRACION PUBLICA|
1.0|0.0|0.0|3.0|DUITAMA|8523|EDUCACION MEDIA TECNICA Y DE FORMACION LABORAL|
1.0|394560.0|7.0|7.0|BRICENO|8411|ACTIVIDADES LEGISLATIVAS DE LA ADMINISTRACION PUBLICA|
1.0|32880.0|0.0|1.0|TINJACA|6910|ACTIVIDADES JURIDICAS|
1.0|197280.0|2.0|4.0|PAIPA|8551|FORMACION ACADEMICA NO FORMAL|
4.0|131520.0|0.0|6.0|SIACHOQUE|4923|TRANSPORTE DE CARGA POR CARRETERA|
1.0|151280.0|1.0|1.0|NOBSA|0150|EXPLOTACION MIXTA (AGRICOLA Y PECUARIA)|
1.0|131520.0|9.0|3.0|TOGUI|8610|ACTIVIDADES DE HOSPITALES Y CLINICAS- CON INTERNACION|
1.0|65760.0|2.0|0.0|SANTAFE DE BOGOTA|8424|ADMINISTRACION DE JUSTICIA|
1.0|164400.0|1.0|10.0|TASCO|7110|ACTIVIDADES DE ARQUITECTURA E INGENIERIA Y OTRAS ACTIVIDADES CONEXAS DE CONSULTORIA TECNICA|
1.0|65760.0|0.0|1.0|SAN JOSE DE PARE|1630|FABRICACION DE PARTES Y PIEZAS DE MADERA- DE CARPINTERIA Y EBANISTERIA PARA LA CONSTRUCCION|
1.0|0.0|0.0|0.0|BUCARAMANGA|6619|OTRAS ACTIVIDADES AUXILIARES DE LAS ACTIVIDADES DE SERVICIOS FINANCIEROS NCP|
1.0|0.0|0.0|3.0|ARCABUCO|9499|ACTIVIDADES DE OTRAS ASOCIACIONES NCP|
1.0|65760.0|4.0|8.0|CHIQUINQUIRA|4644|COMERCIO AL POR MAYOR DE APARATOS Y EQUIPO DE USO DOMESTICO|
1.0|32880.0|1.0|0.0|SANTAFE DE BOGOTA|9101|ACTIVIDADES DE BIBLIOTECAS Y ARCHIVOS|
1.0|131520.0|2.0|4.0|FIRAVITOBA|4661|COMERCIO AL POR MAYOR DE COMBUSTIBLES SOLIDOS- LIQUIDOS- GASEOSOS Y PRODUCTOS CONEXOS|
1.0|32880.0|2.0|0.0|YUMBO|4645|COMERCIO AL POR MAYOR DE PRODUCTOS FARMACEUTICOS- MEDICINALES- COSMETICOS Y DE TOCADOR|
1.0|263040.0|1.0|9.0|IZA|4731|COMERCIO AL POR MENOR DE COMBUSTIBLE PARA AUTOMOTORES|
1.0|460320.0|10.0|9.0|LA CAPILLA|8412|ACTIVIDADES EJECUTIVAS DE LA ADMINISTRACION PUBLICA|
1.0|0.0|1.0|1.0|VENTAQUEMADA|1051|ELABORACION DE PRODUCTOS DE MOLINERIA|
1.0|789120.0|12.0|15.0|TIBANA|8411|ACTIVIDADES LEGISLATIVAS DE LA ADMINISTRACION PUBLICA|
1.0|37820.0|0.0|2.0|SABOYA|0143|CRIA DE OVEJAS Y CABRAS|
1.0|65760.0|1.0|1.0|NUEVO COLON|8413|REGULACION DE LAS ACTIVIDADES DE ORGANISMOS QUE PRESTAN SERVICIOS DE SALUD- EDUCATIVOS- CULTURALES Y OTROS SERVICIOS SOCIALES- EXCEPTO SERVICIOS DE SEGURIDAD SOCIAL|
1.0|0.0|0.0|0.0|NOBSA|4330|TERMINACION Y ACABADO DE EDIFICIOS Y OBRAS DE INGENIERIA CIVIL|
1.0|98640.0|0.0|2.0|RAQUIRA|4923|TRANSPORTE DE CARGA POR CARRETERA|
1.0|0.0|0.0|0.0|CALI|4741|COMERCIO AL POR MENOR DE COMPUTADORES- EQUIPOS PERIFERICOS- PROGRAMAS DE INFORMATICA Y EQUIPOS DE TELECOMUNICACIONES EN ESTABLECIMIENTOS ESPECIALIZADOS|
1.0|0.0|1.0|2.0|PUERTO BOYACA|4732|COMERCIO AL POR MENOR DE LUBRICANTES (ACEITES- GRASAS)- ADITIVOS Y PRODUCTOS DE LIMPIEZA PARA VEHICULOS AUTOMOTORES|
1.0|65760.0|1.0|0.0|SAMACA|6910|ACTIVIDADES JURIDICAS|
1.0|0.0|0.0|0.0|CHIA|0000|NO DEFINIDA ACTIVIDAD ECONOMICA|
1.0|0.0|0.0|1.0|DUITAMA|2212|REENCAUCHE DE LLANTAS USADAS|
1.0|9042000.0|361.0|3.0|SUSACON|9499|ACTIVIDADES DE OTRAS ASOCIACIONES NCP|
1.0|113460.0|0.0|1.0|EL CARMEN DE VIBORAL|0141|CRIA DE GANADO BOVINO Y BUFALINO|
1.0|493200.0|14.0|17.0|YOPAL|7730|ALQUILER Y ARRENDAMIENTO DE OTROS TIPOS DE MAQUINARIA- EQUIPO Y BIENES TANGIBLES NCP|
17.0|1841280.0|59.0|37.0|SOGAMOSO|9491|ACTIVIDADES DE ASOCIACIONES RELIGIOSAS|
26.0|1545360.0|27.0|38.0|TUNJA|7310|PUBLICIDAD|
3.0|4833360.0|153.0|107.0|DUITAMA|8411|ACTIVIDADES LEGISLATIVAS DE LA ADMINISTRACION PUBLICA|
1.0|493200.0|4.0|10.0|FLORESTA|8411|ACTIVIDADES LEGISLATIVAS DE LA ADMINISTRACION PUBLICA|
3.0|263040.0|11.0|8.0|SACHICA|8411|ACTIVIDADES LEGISLATIVAS DE LA ADMINISTRACION PUBLICA|
1.0|98640.0|2.0|3.0|PAIPA|9603|POMPAS FUNEBRES Y ACTIVIDADES RELACIONADAS|
1.0|0.0|1.0|0.0|CUCAITA|9491|ACTIVIDADES DE ASOCIACIONES RELIGIOSAS|
2.0|65760.0|4.0|2.0|DUITAMA|1020|PROCESAMIENTO Y CONSERVACION DE FRUTAS- LEGUMBRES- HORTALIZAS Y TUBERCULOS|
19.0|4142880.0|63.0|102.0|TUNJA|4664|COMERCIO AL POR MAYOR DE PRODUCTOS QUIMICOS BASICOS- CAUCHOS Y PLASTICOS EN FORMAS PRIMARIAS Y PRODUCTOS QUIMICOS DE USO AGROPECUARIO|
1.0|690480.0|13.0|11.0|SANTAFE DE BOGOTA|5310|ACTIVIDADES POSTALES NACIONALES|
3.0|1479600.0|29.0|25.0|GARAGOA|4620|COMERCIO AL POR MAYOR DE MATERIAS PRIMAS AGROPECUARIAS- ANIMALES VIVOS|
1.0|302560.0|3.0|2.0|SANTAFE DE BOGOTA|0162|ACTIVIDADES DE APOYO A LA GANADERIA|
1.0|164400.0|0.0|3.0|MIRAFLORES|6120|ACTIVIDADES DE TELECOMUNICACIONES INALAMBRICAS|
7.0|624720.0|16.0|0.0|SANTAFE DE BOGOTA|1410|CONFECCION DE PRENDAS DE VESTIR- EXCEPTO PRENDAS DE PIEL|
12.0|4537440.0|51.0|29.0|TUNJA|4772|COMERCIO AL POR MENOR DE TODO TIPO DE CALZADO Y ARTICULOS DE CUERO Y SUCEDANEOS DEL CUERO EN ESTABLECIMIENTOS ESPECIALIZADOS|
1.0|0.0|1.0|0.0|BOYACA|7110|ACTIVIDADES DE ARQUITECTURA E INGENIERIA Y OTRAS ACTIVIDADES CONEXAS DE CONSULTORIA TECNICA|
3.0|4997760.0|110.0|80.0|CALI|7810|ACTIVIDADES DE AGENCIAS DE EMPLEO|
2.0|0.0|0.0|2.0|OTANCHE|4731|COMERCIO AL POR MENOR DE COMBUSTIBLE PARA AUTOMOTORES|
3.0|32880.0|2.0|0.0|TUNJA|8211|ACTIVIDADES COMBINADAS DE SERVICIOS ADMINISTRATIVOS DE OFICINA|
3.0|197280.0|1.0|9.0|DUITAMA|2599|FABRICACION DE OTROS PRODUCTOS ELABORADOS DE METAL NCP|
1.0|460320.0|26.0|0.0|NOBSA|8890|OTRAS ACTIVIDADES DE ASISTENCIA SOCIAL SIN ALOJAMIENTO|
8.0|328800.0|3.0|15.0|TUNJA|9511|MANTENIMIENTO Y REPARACION DE COMPUTADORES Y DE EQUIPO PERIFERICO|
15.0|920640.0|25.0|23.0|SOGAMOSO|4719|COMERCIO AL POR MENOR EN ESTABLECIMIENTOS NO ESPECIALIZADOS- CON SURTIDO COMPUESTO PRINCIPALMENTE POR PRODUCTOS DIFERENTES DE ALIMENTOS (VIVERES EN GENERAL)- BEBIDAS Y TABACO|
2.0|98640.0|1.0|6.0|CHIQUINQUIRA|6190|OTRAS ACTIVIDADES DE TELECOMUNICACIONES|
2.0|65760.0|1.0|1.0|VENTAQUEMADA|4719|COMERCIO AL POR MENOR EN ESTABLECIMIENTOS NO ESPECIALIZADOS- CON SURTIDO COMPUESTO PRINCIPALMENTE POR PRODUCTOS DIFERENTES DE ALIMENTOS (VIVERES EN GENERAL)- BEBIDAS Y TABACO|
10.0|15913920.0|92.0|549.0|SAMACA|4661|COMERCIO AL POR MAYOR DE COMBUSTIBLES SOLIDOS- LIQUIDOS- GASEOSOS Y PRODUCTOS CONEXOS|
1.0|0.0|0.0|0.0|PAEZ|4111|CONSTRUCCION DE EDIFICIOS RESIDENCIALES|
5.0|3978480.0|30.0|97.0|SOGAMOSO|3600|CAPTACION- TRATAMIENTO Y DISTRIBUCION DE AGUA|
3.0|723360.0|7.0|22.0|PUERTO BOYACA|7730|ALQUILER Y ARRENDAMIENTO DE OTROS TIPOS DE MAQUINARIA- EQUIPO Y BIENES TANGIBLES NCP|
1.0|65760.0|0.0|1.0|CHIA|4664|COMERCIO AL POR MAYOR DE PRODUCTOS QUIMICOS BASICOS- CAUCHOS Y PLASTICOS EN FORMAS PRIMARIAS Y PRODUCTOS QUIMICOS DE USO AGROPECUARIO|
5.0|263040.0|4.0|10.0|SOGAMOSO|7010|ACTIVIDADES DE ADMINISTRACION EMPRESARIAL|
1.0|263040.0|1.0|20.0|FUNZA|4290|CONSTRUCCION DE OTRAS OBRAS DE INGENIERIA CIVIL|
1.0|0.0|0.0|0.0|FORTUL|4290|CONSTRUCCION DE OTRAS OBRAS DE INGENIERIA CIVIL|
3.0|2268720.0|27.0|29.0|DUITAMA|1011|PROCESAMIENTO Y CONSERVACION DE CARNE Y PRODUCTOS CARNICOS|
12.0|1611120.0|68.0|13.0|SOGAMOSO|8691|ACTIVIDADES DE APOYO DIAGNOSTICO|
5.0|953520.0|1.0|26.0|CHIQUINQUIRA|8299|OTRAS ACTIVIDADES DE SERVICIO DE APOYO A LAS EMPRESAS NCP|
5.0|907680.0|2.0|15.0|BELEN|0141|CRIA DE GANADO BOVINO Y BUFALINO|
3.0|427440.0|9.0|11.0|TUNJA|5813|EDICION DE PERIODICOS- REVISTAS Y OTRAS PUBLICACIONES PERIODICAS|
4.0|416020.0|5.0|5.0|SAN MIGUEL DE SEMA|0161|ACTIVIDADES DE APOYO A LA AGRICULTURA|
1.0|131520.0|0.0|2.0|GARAGOA|4773|COMERCIO AL POR MENOR DE PRODUCTOS FARMACEUTICOS Y MEDICINALES- COSMETICOS Y ARTICULOS DE TOCADOR EN ESTABLECIMIENTOS ESPECIALIZADOS|
11.0|164400.0|6.0|5.0|GARAGOA|9700|ACTIVIDADES DE LOS HOGARES INDIVIDUALES COMO EMPLEADORES DE PERSONAL DOMESTICO|
3.0|131520.0|2.0|15.0|TUNJA|6110|ACTIVIDADES DE TELECOMUNICACIONES ALAMBRICAS|
17.0|4307280.0|6.0|149.0|TOPAGA|0510|EXTRACCION DE HULLA (CARBON DE PIEDRA)|
2.0|131520.0|9.0|1.0|DUITAMA|9329|OTRAS ACTIVIDADES RECREATIVAS Y DE ESPARCIMIENTO NCP|
1.0|0.0|0.0|1.0|PAIPA|0520|EXTRACCION DE CARBON LIGNITO|
1.0|65760.0|1.0|0.0|JENESANO|8692|ACTIVIDADES DE APOYO TERAPEUTICO|
2.0|65760.0|3.0|40.0|FIRAVITOBA|4290|CONSTRUCCION DE OTRAS OBRAS DE INGENIERIA CIVIL|
1.0|32880.0|7.0|0.0|DUITAMA|5813|EDICION DE PERIODICOS- REVISTAS Y OTRAS PUBLICACIONES PERIODICAS|
10.0|1380960.0|47.0|15.0|TUNJA|4755|COMERCIO AL POR MENOR DE ARTICULOS Y UTENSILIOS DE USO DOMESTICO|
4.0|361680.0|8.0|9.0|TUNJA|1051|ELABORACION DE PRODUCTOS DE MOLINERIA|
1.0|558960.0|14.0|18.0|COVARACHIA|9900|ACTIVIDADES DE ORGANIZACIONES Y ENTIDADES EXTRATERRITORIALES|
1.0|328800.0|8.0|5.0|ALMEIDA|8411|ACTIVIDADES LEGISLATIVAS DE LA ADMINISTRACION PUBLICA|
1.0|65760.0|2.0|1.0|MONGUI|3230|FABRICACION DE ARTICULOS Y EQUIPO PARA LA PRACTICA DEL DEPORTE|
1.0|197280.0|5.0|3.0|TINJACA|4631|COMERCIO AL POR MAYOR DE PRODUCTOS ALIMENTICIOS|
3.0|65760.0|1.0|2.0|DUITAMA|1630|FABRICACION DE PARTES Y PIEZAS DE MADERA- DE CARPINTERIA Y EBANISTERIA PARA LA CONSTRUCCION|
1.0|65760.0|3.0|2.0|MIRAFLORES|9491|ACTIVIDADES DE ASOCIACIONES RELIGIOSAS|
1.0|0.0|1.0|1.0|RONDON|6910|ACTIVIDADES JURIDICAS|
5.0|226920.0|9.0|7.0|SOGAMOSO|0113|CULTIVO DE HORTALIZAS- RAICES Y TUBERCULOS|
1.0|37820.0|1.0|2.0|NOBSA|0149|CRIA DE OTROS ANIMALES NCP|
1.0|295920.0|2.0|6.0|MONTERIA|7820|ACTIVIDADES DE AGENCIAS DE EMPLEO TEMPORAL|
1.0|0.0|0.0|0.0|SOCOTA|6920|ACTIVIDADES DE CONTABILIDAD- TENEDURIA DE LIBROS- AUDITORIA FINANCIERA Y ASESORIA TRIBUTARIA|
1.0|0.0|1.0|0.0|TIBASOSA|6810|ACTIVIDADES INMOBILIARIAS REALIZADAS CON BIENES PROPIOS O ARRENDADOS|
1.0|0.0|1.0|0.0|BOYACA|9700|ACTIVIDADES DE LOS HOGARES INDIVIDUALES COMO EMPLEADORES DE PERSONAL DOMESTICO|
1.0|98640.0|0.0|1.0|ITAGUI|4711|COMERCIO AL POR MENOR EN ESTABLECIMIENTOS NO ESPECIALIZADOS CON SURTIDO COMPUESTO PRINCIPALMENTE POR ALIMENTOS- BEBIDAS O TABACO|
9.0|13250640.0|298.0|195.0|TUNJA|7810|ACTIVIDADES DE AGENCIAS DE EMPLEO|
4.0|98640.0|9.0|0.0|VENTAQUEMADA|5611|EXPENDIO A LA MESA DE COMIDAS PREPARADAS|
3.0|394560.0|16.0|2.0|SANTAFE DE BOGOTA|8691|ACTIVIDADES DE APOYO DIAGNOSTICO|
1.0|0.0|3.0|7.0|IZA|4290|CONSTRUCCION DE OTRAS OBRAS DE INGENIERIA CIVIL|
4.0|1644000.0|37.0|55.0|PAIPA|6202|ACTIVIDADES DE CONSULTORIA INFORMATICA Y ACTIVIDADES DE ADMINISTRACION DE INSTALACIONES INFORMATICAS|
2.0|164400.0|2.0|4.0|SAMACA|4321|INSTALACIONES ELECTRICAS|
5.0|263040.0|11.0|1.0|DUITAMA|1410|CONFECCION DE PRENDAS DE VESTIR- EXCEPTO PRENDAS DE PIEL|
5.0|361680.0|20.0|11.0|MONIQUIRA|4711|COMERCIO AL POR MENOR EN ESTABLECIMIENTOS NO ESPECIALIZADOS CON SURTIDO COMPUESTO PRINCIPALMENTE POR ALIMENTOS- BEBIDAS O TABACO|
1.0|37820.0|0.0|1.0|DUITAMA|0124|CULTIVO DE CAÑ DE AZUCAR|
4.0|854880.0|5.0|28.0|GARAGOA|4923|TRANSPORTE DE CARGA POR CARRETERA|
1.0|197280.0|1.0|0.0|SANTAFE DE BOGOTA|3290|OTRAS INDUSTRIAS MANUFACTURERAS NCP|
9.0|2170080.0|54.0|35.0|SOGAMOSO|8121|LIMPIEZA GENERAL INTERIOR DE EDIFICIOS|
1.0|2992080.0|25.0|63.0|MONIQUIRA|8110|ACTIVIDADES COMBINADAS DE APOYO A INSTALACIONES|
2.0|131520.0|1.0|2.0|VENTAQUEMADA|6810|ACTIVIDADES INMOBILIARIAS REALIZADAS CON BIENES PROPIOS O ARRENDADOS|
1.0|0.0|0.0|5.0|MACANAL|0811|EXTRACCION DE PIEDRA- ARENA- ARCILLAS COMUNES- YESO Y ANHIDRITA|
1.0|295920.0|12.0|7.0|SANTAFE DE BOGOTA|1391|FABRICACION DE TEJIDOS DE PUNTO Y GANCHILLO|
16.0|690480.0|24.0|16.0|DUITAMA|6910|ACTIVIDADES JURIDICAS|
5.0|394560.0|6.0|14.0|DUITAMA|4729|COMERCIO AL POR MENOR DE OTROS PRODUCTOS ALIMENTICIOS NCP- EN ESTABLECIMIENTOS ESPECIALIZADOS|
1.0|0.0|1.0|1.0|DUITAMA|8415|ACTIVIDADES DE LOS OTROS ORGANOS DE CONTROL|
2.0|164400.0|1.0|4.0|PUERTO BOYACA|4520|MANTENIMIENTO Y REPARACION DE VEHICULOS AUTOMOTORES|
15.0|2959200.0|22.0|68.0|DUITAMA|4632|COMERCIO AL POR MAYOR DE BEBIDAS Y TABACO|
3.0|361680.0|3.0|4.0|TUTA|4923|TRANSPORTE DE CARGA POR CARRETERA|
1.0|65760.0|0.0|1.0|ENVIGADO|4923|TRANSPORTE DE CARGA POR CARRETERA|
1.0|98640.0|1.0|0.0|SUTAMARCHAN|5619|OTROS TIPOS DE EXPENDIO DE COMIDAS PREPARADAS NCP|
1.0|0.0|1.0|0.0|DUITAMA|8544|EDUCACION DE UNIVERSIDADES|
1.0|32880.0|1.0|0.0|MEDELLIN|1081|ELABORACION DE PRODUCTOS DE PANADERIA|
1.0|65760.0|2.0|0.0|PAIPA|5619|OTROS TIPOS DE EXPENDIO DE COMIDAS PREPARADAS NCP|
1.0|151280.0|1.0|1.0|NOBSA|0210|SILVICULTURA Y OTRAS ACTIVIDADES FORESTALES|
1.0|98640.0|0.0|2.0|PUERTO BOYACA|4690|COMERCIO AL POR MAYOR NO ESPECIALIZADO|
1.0|0.0|1.0|3.0|BUENAVISTA|0150|EXPLOTACION MIXTA (AGRICOLA Y PECUARIA)|
1.0|0.0|0.0|1.0|ZIPAQUIRA|7110|ACTIVIDADES DE ARQUITECTURA E INGENIERIA Y OTRAS ACTIVIDADES CONEXAS DE CONSULTORIA TECNICA|
1.0|65760.0|0.0|4.0|SOGAMOSO|1910|FABRICACION DE PRODUCTOS DE HORNOS DE COQUE|
1.0|0.0|1.0|1.0|PAZ DEL RIO|4663|COMERCIO AL POR MAYOR DE MATERIALES DE CONSTRUCCION- ARTICULOS DE FERRETERIA- PINTURAS- PRODUCTOS DE VIDRIO- EQUIPO Y MATERIALES DE FONTANERIA Y CALEFACCION|
1.0|328800.0|6.0|6.0|NOBSA|4754|COMERCIO AL POR MENOR DE ELECTRODOMESTICOS Y GASODOMESTICOS DE USO DOMESTICO- MUEBLES Y EQUIPOS DE ILUMINACION|
1.0|98640.0|0.0|5.0|CUCAITA|4711|COMERCIO AL POR MENOR EN ESTABLECIMIENTOS NO ESPECIALIZADOS CON SURTIDO COMPUESTO PRINCIPALMENTE POR ALIMENTOS- BEBIDAS O TABACO|
1.0|5392320.0|28.0|215.0|NOBSA|2394|FABRICACION DE CEMENTO- CAL Y YESO|
3.0|197280.0|5.0|3.0|SOCHA|4711|COMERCIO AL POR MENOR EN ESTABLECIMIENTOS NO ESPECIALIZADOS CON SURTIDO COMPUESTO PRINCIPALMENTE POR ALIMENTOS- BEBIDAS O TABACO|
2.0|131520.0|8.0|0.0|GARAGOA|8621|ACTIVIDADES DE LA PRACTICA MEDICA- SIN INTERNACION|
1.0|197280.0|1.0|12.0|TUTA|4664|COMERCIO AL POR MAYOR DE PRODUCTOS QUIMICOS BASICOS- CAUCHOS Y PLASTICOS EN FORMAS PRIMARIAS Y PRODUCTOS QUIMICOS DE USO AGROPECUARIO|
1.0|32880.0|1.0|0.0|SABANETA|3290|OTRAS INDUSTRIAS MANUFACTURERAS NCP|
1.0|197280.0|5.0|1.0|CHINCHINA|4751|COMERCIO AL POR MENOR DE PRODUCTOS TEXTILES EN ESTABLECIMIENTOS ESPECIALIZADOS|
1.0|164400.0|3.0|1.0|GACHANTIVA|4731|COMERCIO AL POR MENOR DE COMBUSTIBLE PARA AUTOMOTORES|
1.0|65760.0|0.0|21.0|CHIQUINQUIRA|8552|ENSEÑNZA DEPORTIVA Y RECREATIVA|
4.0|920640.0|22.0|16.0|TUNJA|1020|PROCESAMIENTO Y CONSERVACION DE FRUTAS- LEGUMBRES- HORTALIZAS Y TUBERCULOS|
1.0|263040.0|7.0|13.0|GUICAN|8412|ACTIVIDADES EJECUTIVAS DE LA ADMINISTRACION PUBLICA|
1.0|32880.0|2.0|1.0|TIBASOSA|6910|ACTIVIDADES JURIDICAS|
5.0|295920.0|14.0|7.0|TIBASOSA|5611|EXPENDIO A LA MESA DE COMIDAS PREPARADAS|
8.0|1183680.0|22.0|16.0|DUITAMA|1089|ELABORACION DE OTROS PRODUCTOS ALIMENTICIOS NCP|
1.0|0.0|0.0|4.0|RAMIRIQUI|4923|TRANSPORTE DE CARGA POR CARRETERA|
1.0|624720.0|3.0|20.0|SOMONDOCO|0811|EXTRACCION DE PIEDRA- ARENA- ARCILLAS COMUNES- YESO Y ANHIDRITA|
1.0|164400.0|7.0|4.0|SORA|8610|ACTIVIDADES DE HOSPITALES Y CLINICAS- CON INTERNACION|
2.0|361680.0|3.0|12.0|SANTA MARIA|4290|CONSTRUCCION DE OTRAS OBRAS DE INGENIERIA CIVIL|
2.0|0.0|0.0|3.0|SUTAMARCHAN|4752|COMERCIO AL POR MENOR DE ARTICULOS DE FERRETERIA- PINTURAS Y PRODUCTOS DE VIDRIO EN ESTABLECIMIENTOS ESPECIALIZADOS|
1.0|0.0|0.0|2.0|MIRAFLORES|0811|EXTRACCION DE PIEDRA- ARENA- ARCILLAS COMUNES- YESO Y ANHIDRITA|
6.0|230160.0|9.0|7.0|DUITAMA|6820|ACTIVIDADES INMOBILIARIAS REALIZADAS A CAMBIO DE UNA RETRIBUCION O POR CONTRATA|
1.0|558960.0|0.0|15.0|SAN GIL|5121|TRANSPORTE AEREO NACIONAL DE CARGA|
2.0|263040.0|1.0|3.0|SANTAFE DE BOGOTA|1030|ELABORACION DE ACEITES Y GRASAS DE ORIGEN VEGETAL Y ANIMAL|
1.0|98640.0|0.0|1.0|CALI|4330|TERMINACION Y ACABADO DE EDIFICIOS Y OBRAS DE INGENIERIA CIVIL|
1.0|0.0|0.0|1.0|MACANAL|4330|TERMINACION Y ACABADO DE EDIFICIOS Y OBRAS DE INGENIERIA CIVIL|
1.0|0.0|1.0|0.0|ZIPAQUIRA|7020|ACTIVIDADES DE CONSULTARIA DE GESTION|
2.0|460320.0|16.0|3.0|PAIPA|8522|EDUCACION MEDIA ACADEMICA|
1.0|0.0|2.0|1.0|GIRON|4723|COMERCIO AL POR MENOR DE CARNES (INCLUYE AVES DE CORRAL)- PRODUCTOS CARNICOS- PESCADOS Y PRODUCTOS DE MAR- EN ESTABLECIMIENTOS ESPECIALIZADOS|
3.0|197280.0|12.0|10.0|SOGAMOSO|6512|SEGUROS DE VIDA|
1.0|361680.0|1.0|20.0|LA UVITA|0510|EXTRACCION DE HULLA (CARBON DE PIEDRA)|
2.0|887760.0|15.0|22.0|PAIPA|7830|OTRAS ACTIVIDADES DE SUMINISTRO DE RECURSO HUMANO|
1.0|65760.0|1.0|1.0|SACHICA|8512|EDUCACION PREESCOLAR|
1.0|0.0|4.0|0.0|GUICAN|8522|EDUCACION MEDIA ACADEMICA|
2.0|0.0|2.0|2.0|TUNJA|7729|ALQUILER Y ARRENDAMIENTO DE OTROS EFECTOS PERSONALES Y ENSERES DOMESTICOS NCP|
1.0|0.0|0.0|2.0|TOCANCIPA|2100|FABRICACION DE PRODUCTOS FARMACEUTICOS- SUSTANCIAS QUIMICAS MEDICINALES Y PRODUCTOS BOTANICOS DE USO FARMACEUTICO|
2.0|98640.0|5.0|2.0|DUITAMA|9602|PELUQUERIA Y OTROS TRATAMIENTOS DE BELLEZA|
1.0|0.0|1.0|0.0|SOATA|8622|ACTIVIDADES DE LA PRACTICA ODONTOLOGICA|
4.0|2433120.0|81.0|29.0|SANTAFE DE BOGOTA|5221|ACTIVIDADES DE ESTACIONES- VIAS Y SERVICIOS COMPLEMENTARIOS PARA EL TRANSPORTE TERRESTRE|
2.0|197280.0|1.0|5.0|RAMIRIQUI|4754|COMERCIO AL POR MENOR DE ELECTRODOMESTICOS Y GASODOMESTICOS DE USO DOMESTICO- MUEBLES Y EQUIPOS DE ILUMINACION|
1.0|0.0|1.0|1.0|TINJACA|7020|ACTIVIDADES DE CONSULTARIA DE GESTION|
2.0|98640.0|6.0|1.0|SANTA MARIA|5511|ALOJAMIENTO EN HOTELES|
1.0|65760.0|2.0|0.0|TUNJA|9420|ACTIVIDADES DE SINDICATOS DE EMPLEADOS|
2.0|197280.0|10.0|5.0|SANTAFE DE BOGOTA|6512|SEGUROS DE VIDA|
1.0|32880.0|2.0|1.0|ARCABUCO|8610|ACTIVIDADES DE HOSPITALES Y CLINICAS- CON INTERNACION|
1.0|65760.0|1.0|3.0|CHIA|4653|COMERCIO AL POR MAYOR DE MAQUINARIA Y EQUIPO AGROPECUARIOS|
1.0|0.0|0.0|0.0|NOBSA|8559|OTROS TIPOS DE EDUCACION NCP|
1.0|0.0|0.0|0.0|CHIQUINQUIRA|3314|MANTENIMIENTO Y REPARACION ESPECIALIZADO DE EQUIPO ELECTRICO|
1.0|113460.0|0.0|1.0|TIBASOSA|0128|CULTIVO DE ESPECIAS Y DE PLANTAS AROMATICAS Y MEDICINALES|
1.0|0.0|0.0|1.0|UMBITA|3600|CAPTACION- TRATAMIENTO Y DISTRIBUCION DE AGUA|
1.0|164400.0|0.0|9.0|PUERTO BOYACA|3520|PRODUCCION DE GAS- DISTRIBUCION DE COMBUSTIBLES GASEOSOS POR TUBERIAS|
1.0|394560.0|7.0|6.0|GARAGOA|4711|COMERCIO AL POR MENOR EN ESTABLECIMIENTOS NO ESPECIALIZADOS CON SURTIDO COMPUESTO PRINCIPALMENTE POR ALIMENTOS- BEBIDAS O TABACO|
1.0|0.0|0.0|0.0|JENESANO|8413|REGULACION DE LAS ACTIVIDADES DE ORGANISMOS QUE PRESTAN SERVICIOS DE SALUD- EDUCATIVOS- CULTURALES Y OTROS SERVICIOS SOCIALES- EXCEPTO SERVICIOS DE SEGURIDAD SOCIAL|
1.0|0.0|0.0|4.0|PUERTO BOYACA|4659|COMERCIO AL POR MAYOR DE OTROS TIPOS DE MAQUINARIA Y EQUIPO NCP|
1.0|197280.0|9.0|0.0|TUNUNGUA|9499|ACTIVIDADES DE OTRAS ASOCIACIONES NCP|
2.0|98640.0|3.0|1.0|GAMEZA|9411|ACTIVIDADES DE ASOCIACIONES EMPRESARIALES Y DE EMPLEADORES|
1.0|131520.0|2.0|2.0|CHINAVITA|9499|ACTIVIDADES DE OTRAS ASOCIACIONES NCP|
1.0|32880.0|2.0|1.0|SANTA ROSA DE VITERBO|1081|ELABORACION DE PRODUCTOS DE PANADERIA|
2.0|131520.0|1.0|5.0|GUAYATA|3600|CAPTACION- TRATAMIENTO Y DISTRIBUCION DE AGUA|
5.0|6181440.0|135.0|83.0|TUNJA|6422|ACTIVIDADES DE LAS COMPAÑAS DE FINANCIAMIENTO|
2.0|8515920.0|11.0|171.0|CAJICA|0510|EXTRACCION DE HULLA (CARBON DE PIEDRA)|
2.0|131520.0|3.0|0.0|CIENEGA|5511|ALOJAMIENTO EN HOTELES|
2.0|657600.0|2.0|10.0|SANTAFE DE BOGOTA|4722|COMERCIO AL POR MENOR DE LECHE- PRODUCTOS LACTEOS Y HUEVOS- EN ESTABLECIMIENTOS ESPECIALIZADOS|
1.0|394560.0|0.0|8.0|CIENEGA|4923|TRANSPORTE DE CARGA POR CARRETERA|
1.0|32880.0|0.0|5.0|FIRAVITOBA|4322|INSTALACIONES DE FONTANERIA- CALEFACCION Y AIRE ACONDICIONADO|
1.0|131520.0|5.0|4.0|PUERTO BOYACA|1051|ELABORACION DE PRODUCTOS DE MOLINERIA|
1.0|32880.0|1.0|1.0|SOGAMOSO|4542|MANTENIMIENTO Y REPARACION DE MOTOCICLETAS Y DE SUS PARTES Y PIEZAS|
1.0|131520.0|1.0|1.0|TIBASOSA|5512|ALOJAMIENTO EN APARTAHOTELES|
2.0|164400.0|3.0|8.0|DUITAMA|2829|FABRICACION DE OTROS TIPOS DE MAQUINARIA Y EQUIPO DE USO ESPECIAL NCP|
1.0|32880.0|0.0|1.0|SOGAMOSO|9103|ACTIVIDADES DE JARDINES BOTANICOS- ZOOLOGICOS Y RESERVAS NATURALES|
1.0|690480.0|10.0|0.0|JERICO|8890|OTRAS ACTIVIDADES DE ASISTENCIA SOCIAL SIN ALOJAMIENTO|
1.0|0.0|0.0|0.0|MONTERIA|4112|CONSTRUCCION DE EDIFICIOS NO RESIDENCIALES|
1.0|0.0|1.0|0.0|MANIZALES|2395|FABRICACION DE ARTICULOS DE HORMIGON- CEMENTO Y YESO|
1.0|65760.0|1.0|3.0|TUNJA|4662|COMERCIO AL POR MAYOR DE METALES Y PRODUCTOS METALIFEROS|
2.0|2170080.0|6.0|62.0|NOBSA|7810|ACTIVIDADES DE AGENCIAS DE EMPLEO|
3.0|427440.0|13.0|13.0|DUITAMA|8530|ESTABLECIMIENTOS QUE COMBINAN DIFERENTES NIVELES DE EDUCACION|
1.0|460320.0|4.0|2.0|SAN EDUARDO|8621|ACTIVIDADES DE LA PRACTICA MEDICA- SIN INTERNACION|
2.0|98640.0|1.0|6.0|COTA|4754|COMERCIO AL POR MENOR DE ELECTRODOMESTICOS Y GASODOMESTICOS DE USO DOMESTICO- MUEBLES Y EQUIPOS DE ILUMINACION|
1.0|0.0|1.0|0.0|SAMACA|1103|PRODUCCION DE MALTA- ELABORACION DE CERVEZAS Y OTRAS BEBIDAS MALTEADAS|
1.0|0.0|0.0|4.0|NOBSA|4111|CONSTRUCCION DE EDIFICIOS RESIDENCIALES|
1.0|0.0|0.0|0.0|SAMACA|9004|CREACION AUDIOVISUAL|
1.0|37820.0|2.0|5.0|SOTAQUIRA|0150|EXPLOTACION MIXTA (AGRICOLA Y PECUARIA)|
3.0|131520.0|1.0|3.0|DUITAMA|4724|COMERCIO AL POR MENOR DE BEBIDAS Y PRODUCTOS DEL TABACO- EN ESTABLECIMIENTOS ESPECIALIZADOS|
2.0|0.0|1.0|17.0|DUITAMA|3314|MANTENIMIENTO Y REPARACION ESPECIALIZADO DE EQUIPO ELECTRICO|
1.0|113460.0|0.0|1.0|ARMENIA|0240|SERVICIOS DE APOYO A LA SILVICULTURA|
1.0|65760.0|1.0|5.0|MOSQUERA|3312|MANTENIMIENTO Y REPARACION ESPECIALIZADO DE MAQUINARIA Y EQUIPO|
1.0|394560.0|6.0|9.0|SOCOTA|8411|ACTIVIDADES LEGISLATIVAS DE LA ADMINISTRACION PUBLICA|
1.0|37820.0|0.0|1.0|GACHANTIVA|0161|ACTIVIDADES DE APOYO A LA AGRICULTURA|
1.0|98640.0|0.0|4.0|MEDELLIN|8010|ACTIVIDADES DE SEGURIDAD PRIVADA|
1.0|32880.0|2.0|0.0|SUSA|4773|COMERCIO AL POR MENOR DE PRODUCTOS FARMACEUTICOS Y MEDICINALES- COSMETICOS Y ARTICULOS DE TOCADOR EN ESTABLECIMIENTOS ESPECIALIZADOS|
1.0|65760.0|2.0|0.0|BARRANQUILLA|6422|ACTIVIDADES DE LAS COMPAÑAS DE FINANCIAMIENTO|
1.0|0.0|0.0|1.0|TUNJA|2029|FABRICACION DE OTROS PRODUCTOS QUIMICOS NCP|
1.0|32880.0|0.0|2.0|GUATEQUE|4719|COMERCIO AL POR MENOR EN ESTABLECIMIENTOS NO ESPECIALIZADOS- CON SURTIDO COMPUESTO PRINCIPALMENTE POR PRODUCTOS DIFERENTES DE ALIMENTOS (VIVERES EN GENERAL)- BEBIDAS Y TABACO|
1.0|0.0|0.0|3.0|PAIPA|1630|FABRICACION DE PARTES Y PIEZAS DE MADERA- DE CARPINTERIA Y EBANISTERIA PARA LA CONSTRUCCION|
2.0|0.0|1.0|1.0|DUITAMA|8020|ACTIVIDADES DE SERVICIOS DE SISTEMAS DE SEGURIDAD|
1.0|0.0|0.0|2.0|CARTAGENA|4220|CONSTRUCCION DE PROYECTOS DE SERVICIO PUBLICO|
3.0|328800.0|3.0|6.0|SOCHA|7110|ACTIVIDADES DE ARQUITECTURA E INGENIERIA Y OTRAS ACTIVIDADES CONEXAS DE CONSULTORIA TECNICA|
1.0|723360.0|2.0|59.0|SAN PABLO DE BORBUR|0990|ACTIVIDADES DE APOYO PARA OTRAS ACTIVIDADES DE EXPLOTACION DE MINAS Y CANTERAS|
1.0|0.0|1.0|1.0|TUNJA|4769|COMERCIO AL POR MENOR DE OTROS ARTICULOS CULTURALES Y DE ENTRETENIMIENTO NCP EN ESTABLECIMIENTOS ESPECIALIZADOS|
1.0|32880.0|0.0|3.0|NOBSA|4669|COMERCIO AL POR MAYOR DE OTROS PRODUCTOS NCP|
1.0|151280.0|1.0|1.0|TOCA|0111|CULTIVO DE CEREALES (EXCEPTO ARROZ)- LEGUMBRES Y SEMILLAS OLEAGINOSAS|
1.0|427440.0|14.0|2.0|CHIQUINQUIRA|4642|COMERCIO AL POR MAYOR DE PRENDAS DE VESTIR|
1.0|32880.0|1.0|0.0|PAIPA|9319|OTRAS ACTIVIDADES DEPORTIVAS|
1.0|0.0|0.0|1.0|TUNJA|1392|CONFECCION DE ARTICULOS CON MATERIALES TEXTILES- EXCEPTO PRENDAS DE VESTIR|
2.0|0.0|0.0|2.0|GACHANTIVA|9700|ACTIVIDADES DE LOS HOGARES INDIVIDUALES COMO EMPLEADORES DE PERSONAL DOMESTICO|
1.0|98640.0|2.0|0.0|MEDELLIN|2399|FABRICACION DE OTROS PRODUCTOS MINERALES NO METALICOS NCP|
1.0|113460.0|0.0|3.0|IBAGUE|0141|CRIA DE GANADO BOVINO Y BUFALINO|
1.0|822000.0|43.0|11.0|PAIPA|4669|COMERCIO AL POR MAYOR DE OTROS PRODUCTOS NCP|
1.0|0.0|8.0|9.0|TIBANA|4921|TRANSPORTE DE PASAJEROS|
1.0|230160.0|8.0|4.0|SANTAFE DE BOGOTA|6424|ACTIVIDADES DE LAS COOPERATIVAS FINANCIERAS|
1.0|0.0|0.0|9.0|PAUNA|4632|COMERCIO AL POR MAYOR DE BEBIDAS Y TABACO|
1.0|0.0|1.0|0.0|MIRAFLORES|4773|COMERCIO AL POR MENOR DE PRODUCTOS FARMACEUTICOS Y MEDICINALES- COSMETICOS Y ARTICULOS DE TOCADOR EN ESTABLECIMIENTOS ESPECIALIZADOS|
2.0|0.0|0.0|1.0|DUITAMA|8552|ENSEÑNZA DEPORTIVA Y RECREATIVA|
1.0|0.0|1.0|0.0|NOBSA|8560|ACTIVIDADES DE APOYO A LA EDUCACION|
1.0|65760.0|1.0|0.0|SOTAQUIRA|0000|NO DEFINIDA ACTIVIDAD ECONOMICA|
1.0|0.0|0.0|1.0|SOCHA|4661|COMERCIO AL POR MAYOR DE COMBUSTIBLES SOLIDOS- LIQUIDOS- GASEOSOS Y PRODUCTOS CONEXOS|
1.0|8433860.0|143.0|57.0|PESCA|0128|CULTIVO DE ESPECIAS Y DE PLANTAS AROMATICAS Y MEDICINALES|
1.0|0.0|0.0|4.0|TOCA|0141|CRIA DE GANADO BOVINO Y BUFALINO|
1.0|0.0|0.0|1.0|SANTAFE DE BOGOTA|9529|MANTENIMIENTO Y REPARACION DE OTROS EFECTOS PERSONALES Y ENSERES DOMESTICOS|
2.0|65760.0|3.0|0.0|IBAGUE|7820|ACTIVIDADES DE AGENCIAS DE EMPLEO TEMPORAL|
1.0|131520.0|0.0|1.0|ARCABUCO|4799|OTROS TIPOS DE COMERCIO AL POR MENOR NO REALIZADO EN ESTABLECIMIENTOS- PUESTOS DE VENTA O MERCADOS|
1.0|591840.0|13.0|3.0|BELEN|5619|OTROS TIPOS DE EXPENDIO DE COMIDAS PREPARADAS NCP|
1.0|0.0|0.0|3.0|EL ESPINO|4722|COMERCIO AL POR MENOR DE LECHE- PRODUCTOS LACTEOS Y HUEVOS- EN ESTABLECIMIENTOS ESPECIALIZADOS|
1.0|822000.0|1.0|19.0|BARRANQUILLA|8292|ACTIVIDADES DE ENVASE Y EMPAQUE|
1.0|1085040.0|1.0|28.0|PESCA|4921|TRANSPORTE DE PASAJEROS|
1.0|526080.0|0.0|4.0|TUNJA|2391|FABRICACION DE PRODUCTOS REFRACTARIOS|
1.0|98640.0|1.0|2.0|MOSQUERA|7730|ALQUILER Y ARRENDAMIENTO DE OTROS TIPOS DE MAQUINARIA- EQUIPO Y BIENES TANGIBLES NCP|
1.0|32880.0|1.0|3.0|SOGAMOSO|8423|ORDEN PUBLICO Y ACTIVIDADES DE SEGURIDAD|
1.0|0.0|1.0|2.0|TIBASOSA|8413|REGULACION DE LAS ACTIVIDADES DE ORGANISMOS QUE PRESTAN SERVICIOS DE SALUD- EDUCATIVOS- CULTURALES Y OTROS SERVICIOS SOCIALES- EXCEPTO SERVICIOS DE SEGURIDAD SOCIAL|
1.0|0.0|0.0|0.0|COTA|2100|FABRICACION DE PRODUCTOS FARMACEUTICOS- SUSTANCIAS QUIMICAS MEDICINALES Y PRODUCTOS BOTANICOS DE USO FARMACEUTICO|
1.0|164400.0|0.0|4.0|MONTERREY|4921|TRANSPORTE DE PASAJEROS|
1.0|558960.0|9.0|17.0|MARIPI|8411|ACTIVIDADES LEGISLATIVAS DE LA ADMINISTRACION PUBLICA|
1.0|0.0|0.0|1.0|SOGAMOSO|3811|RECOLECCION DE DESECHOS NO PELIGROSOS|
1.0|98640.0|1.0|0.0|YUMBO|2229|FABRICACION DE ARTICULOS DE PLASTICO NCP|
1.0|0.0|2.0|6.0|CHITARAQUE|2395|FABRICACION DE ARTICULOS DE HORMIGON- CEMENTO Y YESO|
1.0|230160.0|4.0|2.0|SUSACON|8610|ACTIVIDADES DE HOSPITALES Y CLINICAS- CON INTERNACION|
2.0|65760.0|4.0|8.0|CHIQUINQUIRA|4321|INSTALACIONES ELECTRICAS|
1.0|0.0|1.0|1.0|MUZO|4620|COMERCIO AL POR MAYOR DE MATERIAS PRIMAS AGROPECUARIAS- ANIMALES VIVOS|
1.0|0.0|0.0|0.0|SAN PABLO DE BORBUR|8810|ACTIVIDADES DE ASISTENCIA SOCIAL SIN ALOJAMIENTO PARA PERSONAS MAYORES Y DISCAPACITADAS|
1.0|32880.0|0.0|1.0|SANTAFE DE BOGOTA|4632|COMERCIO AL POR MAYOR DE BEBIDAS Y TABACO|
1.0|0.0|0.0|0.0|IBAGUE|9420|ACTIVIDADES DE SINDICATOS DE EMPLEADOS|
1.0|822000.0|5.0|28.0|SANTA MARIA|4921|TRANSPORTE DE PASAJEROS|
1.0|0.0|0.0|0.0|CALI|3312|MANTENIMIENTO Y REPARACION ESPECIALIZADO DE MAQUINARIA Y EQUIPO|
1.0|427440.0|4.0|3.0|PAIPA|5629|ACTIVIDADES DE OTROS SERVICIOS DE COMIDAS|
1.0|98640.0|1.0|5.0|OTANCHE|3600|CAPTACION- TRATAMIENTO Y DISTRIBUCION DE AGUA|
1.0|32880.0|0.0|1.0|SANTAFE DE BOGOTA|2396|CORTE- TALLADO Y ACABADO DE LA PIEDRA|
1.0|75640.0|0.0|1.0|PAUNA|0141|CRIA DE GANADO BOVINO Y BUFALINO|
1.0|0.0|4.0|0.0|CUBARA|8790|OTRAS ACTIVIDADES DE ATENCION EN INSTITUCIONES CON ALOJAMIENTO|
1.0|0.0|0.0|1.0|MONIQUIRA|4775|COMERCIO AL POR MENOR DE ARTICULOS DE SEGUNDA MANO|
1.0|427440.0|8.0|7.0|COMBITA|8522|EDUCACION MEDIA ACADEMICA|
1.0|0.0|0.0|1.0|MIRAFLORES|6311|PROCESAMIENTO DE DATOS- ALOJAMIENTO (HOSTING) Y ACTIVIDADES RELACIONADAS|
1.0|2268720.0|28.0|65.0|FIRAVITOBA|1040|ELABORACION DE PRODUCTOS LACTEOS|
1.0|0.0|0.0|0.0|SAN LUIS DE GACENO|8622|ACTIVIDADES DE LA PRACTICA ODONTOLOGICA|
1.0|98640.0|0.0|3.0|SOCORRO|3700|EVACUACION Y TRATAMIENTO DE AGUAS RESIDUALES|
1.0|1085040.0|3.0|35.0|DUITAMA|2630|FABRICACION DE EQUIPOS DE COMUNICACION|
1.0|32880.0|2.0|0.0|PAZ DEL RIO|9499|ACTIVIDADES DE OTRAS ASOCIACIONES NCP|
1.0|0.0|1.0|0.0|GUATEQUE|0082|PERSONAS NATURALES SUBSIDIADAS POR TERCEROS|
1.0|131520.0|2.0|0.0|TOCA|6910|ACTIVIDADES JURIDICAS|
1.0|0.0|0.0|0.0|CHIA|0121|CULTIVO DE FRUTAS TROPICALES Y SUBTROPICALES|
1.0|98640.0|2.0|0.0|SAN LUIS DE GACENO|4711|COMERCIO AL POR MENOR EN ESTABLECIMIENTOS NO ESPECIALIZADOS CON SURTIDO COMPUESTO PRINCIPALMENTE POR ALIMENTOS- BEBIDAS O TABACO|
1.0|986400.0|2.0|31.0|TOPAGA|2012|FABRICACION DE ABONOS Y COMPUESTOS INORGANICOS NITROGENADOS|
2.0|197280.0|1.0|5.0|EL ESPINO|4923|TRANSPORTE DE CARGA POR CARRETERA|
2.0|131520.0|3.0|1.0|BELEN|9499|ACTIVIDADES DE OTRAS ASOCIACIONES NCP|
1.0|690480.0|14.0|29.0|NOBSA|3900|ACTIVIDADES DE SANEAMIENTO AMBIENTAL Y OTROS SERVICIOS DE GESTION DE DESECHOS|
1.0|361680.0|10.0|2.0|FIRAVITOBA|8621|ACTIVIDADES DE LA PRACTICA MEDICA- SIN INTERNACION|
1.0|65760.0|0.0|1.0|SAN LUIS DE GACENO|8299|OTRAS ACTIVIDADES DE SERVICIO DE APOYO A LAS EMPRESAS NCP|
1.0|920640.0|21.0|17.0|PAIPA|9200|ACTIVIDADES DE JUEGOS DE AZAR Y APUESTAS|
1.0|0.0|0.0|1.0|GUATEQUE|5514|ALOJAMIENTO RURAL|
1.0|0.0|0.0|0.0|CAMPOHERMOSO|4220|CONSTRUCCION DE PROYECTOS DE SERVICIO PUBLICO|
1.0|558960.0|8.0|6.0|PACHAVITA|8412|ACTIVIDADES EJECUTIVAS DE LA ADMINISTRACION PUBLICA|
1.0|657600.0|0.0|12.0|VENTAQUEMADA|4311|DEMOLICION|
1.0|32880.0|1.0|0.0|GUARNE|2229|FABRICACION DE ARTICULOS DE PLASTICO NCP|
1.0|32880.0|2.0|0.0|BOYACA|8415|ACTIVIDADES DE LOS OTROS ORGANOS DE CONTROL|
1.0|226920.0|1.0|5.0|DUITAMA|0122|CULTIVO DE PLATANO Y BANANO|
1.0|32880.0|0.0|1.0|PACHAVITA|9700|ACTIVIDADES DE LOS HOGARES INDIVIDUALES COMO EMPLEADORES DE PERSONAL DOMESTICO|
1.0|230160.0|1.0|3.0|PAIPA|7500|ACTIVIDADES VETERINARIAS|
1.0|0.0|2.0|1.0|SUTATENZA|8551|FORMACION ACADEMICA NO FORMAL|
1.0|32880.0|1.0|0.0|MACANAL|6910|ACTIVIDADES JURIDICAS|
1.0|0.0|0.0|1.0|VILLA DE LEYVA|6120|ACTIVIDADES DE TELECOMUNICACIONES INALAMBRICAS|
1.0|0.0|1.0|0.0|GUATEQUE|4741|COMERCIO AL POR MENOR DE COMPUTADORES- EQUIPOS PERIFERICOS- PROGRAMAS DE INFORMATICA Y EQUIPOS DE TELECOMUNICACIONES EN ESTABLECIMIENTOS ESPECIALIZADOS|
1.0|131520.0|0.0|3.0|SAMACA|8730|ACTIVIDADES DE ATENCION EN INSTITUCIONES PARA EL CUIDADO DE PERSONAS MAYORES Y/O DISCAPACITADAS|
1.0|0.0|0.0|1.0|PAIPA|8699|OTRAS ACTIVIDADES DE ATENCION DE LA SALUD HUMANA|
1.0|151280.0|2.0|3.0|SANTAFE DE BOGOTA|0230|RECOLECCION DE PRODUCTOS FORESTALES DIFERENTES A LA MADERA|
1.0|0.0|1.0|1.0|SOMONDOCO|0082|PERSONAS NATURALES SUBSIDIADAS POR TERCEROS|
1.0|131520.0|0.0|3.0|DUITAMA|2030|FABRICACION DE FIBRAS SINTETICAS Y ARTIFICIALES|
10.0|822000.0|28.0|48.0|SOGAMOSO|4721|COMERCIO AL POR MENOR DE PRODUCTOS AGRICOLAS PARA EL CONSUMO EN ESTABLECIMIENTOS ESPECIALIZADOS|
15.0|2235840.0|12.0|66.0|DUITAMA|2511|FABRICACION DE PRODUCTOS METALICOS PARA USO ESTRUCTURAL|
1.0|98640.0|1.0|1.0|PAIPA|2023|FABRICACION DE JABONES Y DETERGENTES- PREPARADOS PARA LIMPIAR Y PULIR- PERFUMES Y PREPARADOS DE TOCADOR|
1.0|65760.0|2.0|1.0|UMBITA|9491|ACTIVIDADES DE ASOCIACIONES RELIGIOSAS|
5.0|113460.0|1.0|9.0|PUERTO BOYACA|0162|ACTIVIDADES DE APOYO A LA GANADERIA|
1.0|32880.0|0.0|1.0|MEDELLIN|3511|GENERACION DE ENERGIA ELECTRICA|
7.0|756400.0|3.0|10.0|DUITAMA|0113|CULTIVO DE HORTALIZAS- RAICES Y TUBERCULOS|
1.0|493200.0|12.0|3.0|TIBASOSA|8621|ACTIVIDADES DE LA PRACTICA MEDICA- SIN INTERNACION|
1.0|65760.0|3.0|1.0|VIRACACHA|8610|ACTIVIDADES DE HOSPITALES Y CLINICAS- CON INTERNACION|
2.0|230160.0|0.0|10.0|RAMIRIQUI|4290|CONSTRUCCION DE OTRAS OBRAS DE INGENIERIA CIVIL|
6.0|558960.0|10.0|18.0|DUITAMA|9603|POMPAS FUNEBRES Y ACTIVIDADES RELACIONADAS|
1.0|0.0|0.0|0.0|FUNZA|0510|EXTRACCION DE HULLA (CARBON DE PIEDRA)|
24.0|131520.0|5.0|8.0|DUITAMA|0000|NO DEFINIDA ACTIVIDAD ECONOMICA|
1.0|0.0|1.0|0.0|DUITAMA|6312|PORTALES WEB|
1.0|0.0|0.0|0.0|GUACAMAYAS|9491|ACTIVIDADES DE ASOCIACIONES RELIGIOSAS|
6.0|526080.0|20.0|3.0|DUITAMA|8691|ACTIVIDADES DE APOYO DIAGNOSTICO|
14.0|624720.0|12.0|13.0|SOGAMOSO|6920|ACTIVIDADES DE CONTABILIDAD- TENEDURIA DE LIBROS- AUDITORIA FINANCIERA Y ASESORIA TRIBUTARIA|
1.0|0.0|0.0|2.0|OICATA|0129|OTROS CULTIVOS PERMANENTES NCP|
1.0|0.0|0.0|1.0|MONIQUIRA|4290|CONSTRUCCION DE OTRAS OBRAS DE INGENIERIA CIVIL|
1.0|32880.0|0.0|0.0|PAIPA|4723|COMERCIO AL POR MENOR DE CARNES (INCLUYE AVES DE CORRAL)- PRODUCTOS CARNICOS- PESCADOS Y PRODUCTOS DE MAR- EN ESTABLECIMIENTOS ESPECIALIZADOS|
1.0|0.0|1.0|0.0|TOCA|6120|ACTIVIDADES DE TELECOMUNICACIONES INALAMBRICAS|
5.0|1183680.0|32.0|19.0|TUNJA|5612|EXPENDIO POR AUTOSERVICIO DE COMIDAS PREPARADAS|
1.0|98640.0|1.0|1.0|VILLA DE LEYVA|6499|OTRAS ACTIVIDADES DE SERVICIO FINANCIERO- EXCEPTO LAS DE SEGUROS Y PENSIONES NCP|
5.0|657600.0|17.0|10.0|SAMACA|4711|COMERCIO AL POR MENOR EN ESTABLECIMIENTOS NO ESPECIALIZADOS CON SURTIDO COMPUESTO PRINCIPALMENTE POR ALIMENTOS- BEBIDAS O TABACO|
1.0|0.0|0.0|0.0|CHIVATA|4923|TRANSPORTE DE CARGA POR CARRETERA|
2.0|0.0|0.0|0.0|TUNJA|1084|ELABORACION DE COMIDAS Y PLATOS PREPARADOS|
1.0|32880.0|3.0|1.0|SAMACA|4729|COMERCIO AL POR MENOR DE OTROS PRODUCTOS ALIMENTICIOS NCP- EN ESTABLECIMIENTOS ESPECIALIZADOS|
1.0|75640.0|0.0|1.0|MEDELLIN|0129|OTROS CULTIVOS PERMANENTES NCP|
6.0|460320.0|16.0|9.0|DUITAMA|6619|OTRAS ACTIVIDADES AUXILIARES DE LAS ACTIVIDADES DE SERVICIOS FINANCIEROS NCP|
1.0|0.0|3.0|5.0|PUERTO BOYACA|9529|MANTENIMIENTO Y REPARACION DE OTROS EFECTOS PERSONALES Y ENSERES DOMESTICOS|
2.0|263040.0|2.0|16.0|SANTAFE DE BOGOTA|2394|FABRICACION DE CEMENTO- CAL Y YESO|
2.0|1183680.0|23.0|28.0|TIBASOSA|8411|ACTIVIDADES LEGISLATIVAS DE LA ADMINISTRACION PUBLICA|
3.0|756240.0|17.0|15.0|VIRACACHA|8411|ACTIVIDADES LEGISLATIVAS DE LA ADMINISTRACION PUBLICA|
1.0|164400.0|0.0|4.0|SOGAMOSO|2930|FABRICACION DE PARTES- PIEZAS (AUTOPARTES) Y ACCESORIOS (LUJOS) PARA VEHICULOS AUTOMOTORES|
1.0|65760.0|0.0|11.0|HONDA|4923|TRANSPORTE DE CARGA POR CARRETERA|
1.0|526080.0|2.0|19.0|NOBSA|3700|EVACUACION Y TRATAMIENTO DE AGUAS RESIDUALES|
2.0|131520.0|1.0|4.0|SORACA|3600|CAPTACION- TRATAMIENTO Y DISTRIBUCION DE AGUA|
4.0|65760.0|4.0|11.0|TUNJA|9529|MANTENIMIENTO Y REPARACION DE OTROS EFECTOS PERSONALES Y ENSERES DOMESTICOS|
1.0|0.0|1.0|0.0|NEIVA|9499|ACTIVIDADES DE OTRAS ASOCIACIONES NCP|
3.0|460320.0|1.0|11.0|DUITAMA|0520|EXTRACCION DE CARBON LIGNITO|
1.0|361680.0|2.0|13.0|SOGAMOSO|7210|INVESTIGACIONES Y DESARROLLO EXPERIMENTAL EN EL CAMPO DE LAS CIENCIAS NATURALES Y LA INGENIERIA|
2.0|493200.0|4.0|2.0|TENZA|4711|COMERCIO AL POR MENOR EN ESTABLECIMIENTOS NO ESPECIALIZADOS CON SURTIDO COMPUESTO PRINCIPALMENTE POR ALIMENTOS- BEBIDAS O TABACO|
1.0|0.0|1.0|0.0|TOCA|8530|ESTABLECIMIENTOS QUE COMBINAN DIFERENTES NIVELES DE EDUCACION|
2.0|361680.0|11.0|9.0|BUENAVISTA|8411|ACTIVIDADES LEGISLATIVAS DE LA ADMINISTRACION PUBLICA|
1.0|32880.0|1.0|1.0|CHIQUINQUIRA|9609|OTRAS ACTIVIDADES DE SERVICIOS PERSONALES NCP|
1.0|32880.0|1.0|1.0|PUERTO BOYACA|2790|FABRICACION DE OTROS TIPOS DE EQUIPO ELECTRICO NCP|
1.0|189100.0|5.0|3.0|PALMIRA|0141|CRIA DE GANADO BOVINO Y BUFALINO|
2.0|0.0|0.0|0.0|EL COCUY|9491|ACTIVIDADES DE ASOCIACIONES RELIGIOSAS|
3.0|189100.0|1.0|5.0|SAMACA|0129|OTROS CULTIVOS PERMANENTES NCP|
1.0|0.0|2.0|2.0|ARCABUCO|0126|CULTIVO DE PALMA PARA ACEITE (PALMA AFRICANA) Y OTROS FRUTOS OLEAGINOSOS|
1.0|32880.0|5.0|7.0|VILLA DE LEYVA|6010|ACTIVIDADES DE PROGRAMACION Y TRANSMISION EN EL SERVICIO DE RADIODIFUSION SONORA|
2.0|131520.0|2.0|0.0|PAIPA|9609|OTRAS ACTIVIDADES DE SERVICIOS PERSONALES NCP|
7.0|1413840.0|16.0|20.0|TUNJA|1089|ELABORACION DE OTROS PRODUCTOS ALIMENTICIOS NCP|
5.0|1380960.0|18.0|38.0|DUITAMA|4511|COMERCIO DE VEHICULOS AUTOMOTORES NUEVOS|
3.0|32880.0|1.0|7.0|YOPAL|4290|CONSTRUCCION DE OTRAS OBRAS DE INGENIERIA CIVIL|
1.0|32880.0|1.0|1.0|SANTAFE DE BOGOTA|5112|TRANSPORTE AEREO INTERNACIONAL DE PASAJEROS|
1.0|65760.0|0.0|1.0|MEDELLIN|4773|COMERCIO AL POR MENOR DE PRODUCTOS FARMACEUTICOS Y MEDICINALES- COSMETICOS Y ARTICULOS DE TOCADOR EN ESTABLECIMIENTOS ESPECIALIZADOS|
1.0|65760.0|1.0|0.0|SORA|4663|COMERCIO AL POR MAYOR DE MATERIALES DE CONSTRUCCION- ARTICULOS DE FERRETERIA- PINTURAS- PRODUCTOS DE VIDRIO- EQUIPO Y MATERIALES DE FONTANERIA Y CALEFACCION|
1.0|131520.0|3.0|7.0|GUATEQUE|4111|CONSTRUCCION DE EDIFICIOS RESIDENCIALES|
1.0|0.0|0.0|1.0|SAN JOSE DE PARE|1090|ELABORACION DE ALIMENTOS PREPARADOS PARA ANIMALES|
1.0|151280.0|2.0|4.0|ARCABUCO|0121|CULTIVO DE FRUTAS TROPICALES Y SUBTROPICALES|
4.0|2170080.0|32.0|40.0|SOTAQUIRA|1040|ELABORACION DE PRODUCTOS LACTEOS|
1.0|113460.0|2.0|6.0|NOBSA|0129|OTROS CULTIVOS PERMANENTES NCP|
1.0|131520.0|2.0|1.0|BARRANCABERMEJA|6202|ACTIVIDADES DE CONSULTORIA INFORMATICA Y ACTIVIDADES DE ADMINISTRACION DE INSTALACIONES INFORMATICAS|
6.0|2663280.0|46.0|41.0|CHIQUINQUIRA|9411|ACTIVIDADES DE ASOCIACIONES EMPRESARIALES Y DE EMPLEADORES|
3.0|32880.0|8.0|3.0|DUITAMA|8230|ORGANIZACION DE CONVENCIONES Y EVENTOS COMERCIALES|
1.0|197280.0|0.0|12.0|SORACA|4290|CONSTRUCCION DE OTRAS OBRAS DE INGENIERIA CIVIL|
1.0|460320.0|4.0|10.0|PUERTO BOYACA|1040|ELABORACION DE PRODUCTOS LACTEOS|
5.0|1085040.0|14.0|58.0|CHIQUINQUIRA|4722|COMERCIO AL POR MENOR DE LECHE- PRODUCTOS LACTEOS Y HUEVOS- EN ESTABLECIMIENTOS ESPECIALIZADOS|
2.0|854880.0|7.0|39.0|NOBSA|3110|FABRICACION DE MUEBLES|
4.0|164400.0|10.0|2.0|MONIQUIRA|5611|EXPENDIO A LA MESA DE COMIDAS PREPARADAS|
1.0|131520.0|2.0|4.0|CHIQUINQUIRA|6494|OTRAS ACTIVIDADES DE DISTRIBUCION DE FONDOS|
2.0|197280.0|2.0|4.0|SANTA ROSA DE VITERBO|4620|COMERCIO AL POR MAYOR DE MATERIAS PRIMAS AGROPECUARIAS- ANIMALES VIVOS|
2.0|3419520.0|26.0|152.0|SANTA MARIA|4210|CONSTRUCCION DE CARRETERAS Y VIAS DE FERROCARRIL|
1.0|0.0|0.0|1.0|GUATEQUE|0129|OTROS CULTIVOS PERMANENTES NCP|
3.0|1446720.0|27.0|22.0|GUATEQUE|8411|ACTIVIDADES LEGISLATIVAS DE LA ADMINISTRACION PUBLICA|
1.0|1315200.0|32.0|20.0|BARRANQUILLA|4661|COMERCIO AL POR MAYOR DE COMBUSTIBLES SOLIDOS- LIQUIDOS- GASEOSOS Y PRODUCTOS CONEXOS|
1.0|32880.0|2.0|0.0|CHINAVITA|9491|ACTIVIDADES DE ASOCIACIONES RELIGIOSAS|
1.0|197280.0|2.0|1.0|NOBSA|9491|ACTIVIDADES DE ASOCIACIONES RELIGIOSAS|
1.0|65760.0|2.0|0.0|LA VICTORIA|6910|ACTIVIDADES JURIDICAS|
2.0|789120.0|4.0|15.0|MONIQUIRA|1040|ELABORACION DE PRODUCTOS LACTEOS|
7.0|986400.0|27.0|1.0|SANTAFE DE BOGOTA|4773|COMERCIO AL POR MENOR DE PRODUCTOS FARMACEUTICOS Y MEDICINALES- COSMETICOS Y ARTICULOS DE TOCADOR EN ESTABLECIMIENTOS ESPECIALIZADOS|
4.0|394560.0|3.0|12.0|SOGAMOSO|1811|ACTIVIDADES DE IMPRESION|
1.0|98640.0|2.0|6.0|SAN LUIS DE GACENO|4290|CONSTRUCCION DE OTRAS OBRAS DE INGENIERIA CIVIL|
8.0|1019280.0|9.0|28.0|CHIQUINQUIRA|4530|COMERCIO DE PARTES- PIEZAS (AUTOPARTES) Y ACCESORIOS (LUJOS) PARA VEHICULOS AUTOMOTORES|
1.0|113460.0|2.0|4.0|FIRAVITOBA|0143|CRIA DE OVEJAS Y CABRAS|
6.0|65760.0|3.0|10.0|DUITAMA|7500|ACTIVIDADES VETERINARIAS|
1.0|0.0|0.0|1.0|FIRAVITOBA|7010|ACTIVIDADES DE ADMINISTRACION EMPRESARIAL|
1.0|0.0|0.0|1.0|FIRAVITOBA|3312|MANTENIMIENTO Y REPARACION ESPECIALIZADO DE MAQUINARIA Y EQUIPO|
1.0|65760.0|0.0|2.0|BUCARAMANGA|5320|ACTIVIDADES DE MENSAJERIA|
1.0|0.0|0.0|1.0|OTANCHE|7110|ACTIVIDADES DE ARQUITECTURA E INGENIERIA Y OTRAS ACTIVIDADES CONEXAS DE CONSULTORIA TECNICA|
1.0|0.0|1.0|1.0|JENESANO|0129|OTROS CULTIVOS PERMANENTES NCP|
4.0|1315200.0|0.0|9.0|DUITAMA|8130|ACTIVIDADES DE PAISAJISMO Y SERVICIOS DE MANTENIMIENTO CONEXOS|
1.0|65760.0|2.0|1.0|SAMACA|4741|COMERCIO AL POR MENOR DE COMPUTADORES- EQUIPOS PERIFERICOS- PROGRAMAS DE INFORMATICA Y EQUIPOS DE TELECOMUNICACIONES EN ESTABLECIMIENTOS ESPECIALIZADOS|
1.0|460320.0|2.0|12.0|MONIQUIRA|0812|EXTRACCION DE ARCILLAS DE USO INDUSTRIAL- CALIZA- CAOLIN Y BENTONITAS|
1.0|0.0|1.0|0.0|SUTATENZA|4773|COMERCIO AL POR MENOR DE PRODUCTOS FARMACEUTICOS Y MEDICINALES- COSMETICOS Y ARTICULOS DE TOCADOR EN ESTABLECIMIENTOS ESPECIALIZADOS|
4.0|164400.0|1.0|7.0|TIBASOSA|4923|TRANSPORTE DE CARGA POR CARRETERA|
2.0|460320.0|8.0|8.0|SANTAFE DE BOGOTA|6619|OTRAS ACTIVIDADES AUXILIARES DE LAS ACTIVIDADES DE SERVICIOS FINANCIEROS NCP|
6.0|1972800.0|34.0|36.0|DUITAMA|6499|OTRAS ACTIVIDADES DE SERVICIO FINANCIERO- EXCEPTO LAS DE SEGUROS Y PENSIONES NCP|
1.0|98640.0|3.0|5.0|PUERTO BOYACA|5012|TRANSPORTE DE CARGA MARITIMO Y DE CABOTAJE|
1.0|197280.0|3.0|2.0|TENZA|3700|EVACUACION Y TRATAMIENTO DE AGUAS RESIDUALES|
1.0|164400.0|21.0|11.0|CHIQUINQUIRA|8121|LIMPIEZA GENERAL INTERIOR DE EDIFICIOS|
4.0|3748320.0|12.0|189.0|CHIQUINQUIRA|0510|EXTRACCION DE HULLA (CARBON DE PIEDRA)|
1.0|0.0|0.0|1.0|SANTA ROSA DE VITERBO|1040|ELABORACION DE PRODUCTOS LACTEOS|
1.0|230160.0|0.0|7.0|TOCA|4661|COMERCIO AL POR MAYOR DE COMBUSTIBLES SOLIDOS- LIQUIDOS- GASEOSOS Y PRODUCTOS CONEXOS|
2.0|0.0|1.0|1.0|NOBSA|5611|EXPENDIO A LA MESA DE COMIDAS PREPARADAS|
2.0|131520.0|3.0|5.0|GUATEQUE|4723|COMERCIO AL POR MENOR DE CARNES (INCLUYE AVES DE CORRAL)- PRODUCTOS CARNICOS- PESCADOS Y PRODUCTOS DE MAR- EN ESTABLECIMIENTOS ESPECIALIZADOS|
1.0|164400.0|3.0|1.0|VILLA DE LEYVA|4719|COMERCIO AL POR MENOR EN ESTABLECIMIENTOS NO ESPECIALIZADOS- CON SURTIDO COMPUESTO PRINCIPALMENTE POR PRODUCTOS DIFERENTES DE ALIMENTOS (VIVERES EN GENERAL)- BEBIDAS Y TABACO|
3.0|378200.0|7.0|17.0|CHIQUINQUIRA|0129|OTROS CULTIVOS PERMANENTES NCP|
1.0|65760.0|1.0|5.0|SABOYA|4731|COMERCIO AL POR MENOR DE COMBUSTIBLE PARA AUTOMOTORES|
1.0|164400.0|1.0|6.0|SOGAMOSO|0620|EXTRACCION DE GAS NATURAL|
2.0|567300.0|17.0|12.0|VILLA DE LEYVA|0130|PROPAGACION DE PLANTAS (ACTIVIDADES DE LOS VIVEROS- EXCEPTO VIVEROS FORESTALES)|
3.0|394560.0|0.0|11.0|AQUITANIA|4923|TRANSPORTE DE CARGA POR CARRETERA|
1.0|302560.0|0.0|7.0|SAN MIGUEL DE SEMA|0149|CRIA DE OTROS ANIMALES NCP|
2.0|0.0|0.0|3.0|DUITAMA|8211|ACTIVIDADES COMBINADAS DE SERVICIOS ADMINISTRATIVOS DE OFICINA|
2.0|624720.0|7.0|15.0|RAMIRIQUI|4711|COMERCIO AL POR MENOR EN ESTABLECIMIENTOS NO ESPECIALIZADOS CON SURTIDO COMPUESTO PRINCIPALMENTE POR ALIMENTOS- BEBIDAS O TABACO|
3.0|1874160.0|42.0|29.0|SANTAFE DE BOGOTA|6010|ACTIVIDADES DE PROGRAMACION Y TRANSMISION EN EL SERVICIO DE RADIODIFUSION SONORA|
1.0|32880.0|2.0|0.0|TIBANA|4711|COMERCIO AL POR MENOR EN ESTABLECIMIENTOS NO ESPECIALIZADOS CON SURTIDO COMPUESTO PRINCIPALMENTE POR ALIMENTOS- BEBIDAS O TABACO|
1.0|0.0|0.0|1.0|VILLA DE LEYVA|9006|ACTIVIDADES TEATRALES|
2.0|32880.0|0.0|2.0|NUEVO COLON|3600|CAPTACION- TRATAMIENTO Y DISTRIBUCION DE AGUA|
1.0|295920.0|6.0|4.0|DUITAMA|4610|COMERCIO AL POR MAYOR A CAMBIO DE UNA RETRIBUCION O POR CONTRATA|
2.0|394560.0|12.0|10.0|SAN MIGUEL DE SEMA|8411|ACTIVIDADES LEGISLATIVAS DE LA ADMINISTRACION PUBLICA|
2.0|189100.0|0.0|4.0|TUNJA|0220|EXTRACCION DE MADERA|
1.0|0.0|0.0|12.0|CHAPARRAL|7110|ACTIVIDADES DE ARQUITECTURA E INGENIERIA Y OTRAS ACTIVIDADES CONEXAS DE CONSULTORIA TECNICA|
1.0|32880.0|0.0|1.0|PAZ DE ARIPORO|4645|COMERCIO AL POR MAYOR DE PRODUCTOS FARMACEUTICOS- MEDICINALES- COSMETICOS Y DE TOCADOR|
1.0|197280.0|0.0|1.0|MUZO|4390|OTRAS ACTIVIDADES ESPECIALIZADAS PARA LA CONSTRUCCION DE EDIFICIOS Y OBRAS DE INGENIERIA CIVIL|
1.0|32880.0|0.0|1.0|COMBITA|7310|PUBLICIDAD|
4.0|0.0|5.0|4.0|SOGAMOSO|9602|PELUQUERIA Y OTROS TRATAMIENTOS DE BELLEZA|
1.0|65760.0|1.0|0.0|SOGAMOSO|7911|ACTIVIDADES DE LAS AGENCIAS DE VIAJE|
1.0|0.0|1.0|2.0|LABRANZAGRANDE|7110|ACTIVIDADES DE ARQUITECTURA E INGENIERIA Y OTRAS ACTIVIDADES CONEXAS DE CONSULTORIA TECNICA|
1.0|328800.0|1.0|2.0|SANTAFE DE BOGOTA|5621|CATERING PARA EVENTOS|
3.0|378200.0|10.0|15.0|SAMACA|0161|ACTIVIDADES DE APOYO A LA AGRICULTURA|
3.0|591840.0|15.0|9.0|SOATA|4711|COMERCIO AL POR MENOR EN ESTABLECIMIENTOS NO ESPECIALIZADOS CON SURTIDO COMPUESTO PRINCIPALMENTE POR ALIMENTOS- BEBIDAS O TABACO|
2.0|32880.0|1.0|3.0|DUITAMA|9004|CREACION AUDIOVISUAL|
1.0|65760.0|1.0|1.0|IZA|8699|OTRAS ACTIVIDADES DE ATENCION DE LA SALUD HUMANA|
1.0|65760.0|1.0|2.0|ARCABUCO|5611|EXPENDIO A LA MESA DE COMIDAS PREPARADAS|
1.0|0.0|0.0|1.0|SANTAFE DE BOGOTA|5122|TRANSPORTE AEREO INTERNACIONAL DE CARGA|
6.0|723360.0|16.0|10.0|SANTAFE DE BOGOTA|5511|ALOJAMIENTO EN HOTELES|
2.0|98640.0|5.0|20.0|SANTAFE DE BOGOTA|4732|COMERCIO AL POR MENOR DE LUBRICANTES (ACEITES- GRASAS)- ADITIVOS Y PRODUCTOS DE LIMPIEZA PARA VEHICULOS AUTOMOTORES|
1.0|230160.0|19.0|17.0|VILLA DE LEYVA|7210|INVESTIGACIONES Y DESARROLLO EXPERIMENTAL EN EL CAMPO DE LAS CIENCIAS NATURALES Y LA INGENIERIA|
1.0|0.0|1.0|0.0|PEREIRA|2930|FABRICACION DE PARTES- PIEZAS (AUTOPARTES) Y ACCESORIOS (LUJOS) PARA VEHICULOS AUTOMOTORES|
1.0|0.0|0.0|1.0|BARRANQUILLA|2012|FABRICACION DE ABONOS Y COMPUESTOS INORGANICOS NITROGENADOS|
1.0|1117920.0|0.0|5.0|TUNJA|4781|COMERCIO AL POR MENOR DE ALIMENTOS- BEBIDAS Y TABACO- EN PUESTOS DE VENTA MOVILES|
1.0|65760.0|1.0|2.0|PAIPA|8523|EDUCACION MEDIA TECNICA Y DE FORMACION LABORAL|
1.0|0.0|0.0|1.0|TUNJA|5513|ALOJAMIENTO EN CENTROS VACACIONALES|
2.0|8055660.0|75.0|55.0|TOCA|0150|EXPLOTACION MIXTA (AGRICOLA Y PECUARIA)|
4.0|131520.0|3.0|3.0|TINJACA|9700|ACTIVIDADES DE LOS HOGARES INDIVIDUALES COMO EMPLEADORES DE PERSONAL DOMESTICO|
1.0|0.0|0.0|1.0|MEDELLIN|0162|ACTIVIDADES DE APOYO A LA GANADERIA|
1.0|0.0|0.0|1.0|COTA|4659|COMERCIO AL POR MAYOR DE OTROS TIPOS DE MAQUINARIA Y EQUIPO NCP|
3.0|131520.0|8.0|2.0|TUNJA|8543|EDUCACION DE INSTITUCIONES UNIVERSITARIAS O DE ESCUELAS TECNOLOGICAS|
1.0|32880.0|1.0|0.0|TUNJA|3210|FABRICACION DE JOYAS- BISUTERIA Y ARTICULOS CONEXOS|
1.0|131520.0|0.0|1.0|BARRANQUILLA|0811|EXTRACCION DE PIEDRA- ARENA- ARCILLAS COMUNES- YESO Y ANHIDRITA|
1.0|131520.0|3.0|0.0|MOTAVITA|4711|COMERCIO AL POR MENOR EN ESTABLECIMIENTOS NO ESPECIALIZADOS CON SURTIDO COMPUESTO PRINCIPALMENTE POR ALIMENTOS- BEBIDAS O TABACO|
3.0|427440.0|2.0|8.0|PUERTO BOYACA|4724|COMERCIO AL POR MENOR DE BEBIDAS Y PRODUCTOS DEL TABACO- EN ESTABLECIMIENTOS ESPECIALIZADOS|
1.0|230160.0|4.0|10.0|GARAGOA|7120|ENSAYOS Y ANALISIS TECNICOS|
1.0|0.0|1.0|0.0|JENESANO|8730|ACTIVIDADES DE ATENCION EN INSTITUCIONES PARA EL CUIDADO DE PERSONAS MAYORES Y/O DISCAPACITADAS|
1.0|131520.0|2.0|2.0|BARRANQUILLA|4771|COMERCIO AL POR MENOR DE PRENDAS DE VESTIR Y SUS ACCESORIOS (INCLUYE ARTICULOS DE PIEL) EN ESTABLECIMIENTOS ESPECIALIZADOS|
1.0|98640.0|24.0|5.0|ARMENIA|7810|ACTIVIDADES DE AGENCIAS DE EMPLEO|
3.0|3748320.0|35.0|143.0|GUATEQUE|4210|CONSTRUCCION DE CARRETERAS Y VIAS DE FERROCARRIL|
1.0|37820.0|0.0|1.0|NOBSA|0141|CRIA DE GANADO BOVINO Y BUFALINO|
1.0|0.0|1.0|0.0|DUITAMA|7320|ESTUDIOS DE MERCADO Y REALIZACION DE ENCUESTAS DE OPINION PUBLICA|
2.0|295920.0|4.0|8.0|DUITAMA|8414|ACTIVIDADES REGULADORAS Y FACILITADORAS DE LA ACTIVIDAD ECONOMICA|
3.0|0.0|0.0|1.0|DUITAMA|7210|INVESTIGACIONES Y DESARROLLO EXPERIMENTAL EN EL CAMPO DE LAS CIENCIAS NATURALES Y LA INGENIERIA|
1.0|0.0|0.0|0.0|JERICO|8560|ACTIVIDADES DE APOYO A LA EDUCACION|
1.0|65760.0|2.0|5.0|MUZO|3520|PRODUCCION DE GAS- DISTRIBUCION DE COMBUSTIBLES GASEOSOS POR TUBERIAS|
1.0|0.0|0.0|1.0|TUNJA|3091|FABRICACION DE MOTOCICLETAS|
1.0|75640.0|0.0|1.0|OICATA|0121|CULTIVO DE FRUTAS TROPICALES Y SUBTROPICALES|
1.0|0.0|0.0|0.0|ZIPAQUIRA|0121|CULTIVO DE FRUTAS TROPICALES Y SUBTROPICALES|
1.0|0.0|0.0|1.0|SOTAQUIRA|7010|ACTIVIDADES DE ADMINISTRACION EMPRESARIAL|
1.0|0.0|0.0|0.0|BELEN|4520|MANTENIMIENTO Y REPARACION DE VEHICULOS AUTOMOTORES|
1.0|263040.0|2.0|4.0|GUATEQUE|4663|COMERCIO AL POR MAYOR DE MATERIALES DE CONSTRUCCION- ARTICULOS DE FERRETERIA- PINTURAS- PRODUCTOS DE VIDRIO- EQUIPO Y MATERIALES DE FONTANERIA Y CALEFACCION|
1.0|1874160.0|40.0|18.0|SANTAFE DE BOGOTA|6493|ACTIVIDADES DE COMPRA DE CARTERA O FACTORING|
1.0|0.0|0.0|1.0|MEDELLIN|4632|COMERCIO AL POR MAYOR DE BEBIDAS Y TABACO|
1.0|0.0|1.0|0.0|CHIQUINQUIRA|6202|ACTIVIDADES DE CONSULTORIA INFORMATICA Y ACTIVIDADES DE ADMINISTRACION DE INSTALACIONES INFORMATICAS|
1.0|131520.0|7.0|2.0|LA CAPILLA|8610|ACTIVIDADES DE HOSPITALES Y CLINICAS- CON INTERNACION|
1.0|65760.0|0.0|3.0|SUTAMARCHAN|4290|CONSTRUCCION DE OTRAS OBRAS DE INGENIERIA CIVIL|
1.0|0.0|0.0|1.0|BOYACA|9007|ACTIVIDADES DE ESPECTACULOS MUSICALES EN VIVO|
1.0|0.0|0.0|3.0|ARMENIA|0150|EXPLOTACION MIXTA (AGRICOLA Y PECUARIA)|
1.0|65760.0|1.0|3.0|MONIQUIRA|2395|FABRICACION DE ARTICULOS DE HORMIGON- CEMENTO Y YESO|
3.0|1479600.0|43.0|34.0|SOGAMOSO|8129|OTRAS ACTIVIDADES DE LIMPIEZA DE EDIFICIOS E INSTALACIONES INDUSTRIALES|
1.0|197280.0|0.0|5.0|SANTA ROSA DE VITERBO|0812|EXTRACCION DE ARCILLAS DE USO INDUSTRIAL- CALIZA- CAOLIN Y BENTONITAS|
1.0|591840.0|2.0|20.0|RAQUIRA|6810|ACTIVIDADES INMOBILIARIAS REALIZADAS CON BIENES PROPIOS O ARRENDADOS|
1.0|0.0|0.0|2.0|IZA|1312|TEJEDURIA DE PRODUCTOS TEXTILES|
2.0|32880.0|1.0|2.0|SANTA ROSA DE VITERBO|4752|COMERCIO AL POR MENOR DE ARTICULOS DE FERRETERIA- PINTURAS Y PRODUCTOS DE VIDRIO EN ESTABLECIMIENTOS ESPECIALIZADOS|
2.0|0.0|2.0|1.0|DUITAMA|5514|ALOJAMIENTO RURAL|
1.0|887760.0|20.0|0.0|SUTAMARCHAN|9499|ACTIVIDADES DE OTRAS ASOCIACIONES NCP|
1.0|295920.0|12.0|0.0|PAUNA|9499|ACTIVIDADES DE OTRAS ASOCIACIONES NCP|
1.0|32880.0|3.0|1.0|PAEZ|4754|COMERCIO AL POR MENOR DE ELECTRODOMESTICOS Y GASODOMESTICOS DE USO DOMESTICO- MUEBLES Y EQUIPOS DE ILUMINACION|
1.0|0.0|2.0|0.0|MONIQUIRA|9200|ACTIVIDADES DE JUEGOS DE AZAR Y APUESTAS|
1.0|164400.0|1.0|3.0|SOGAMOSO|1521|FABRICACION DE CALZADO DE CUERO Y PIEL- CON CUALQUIER TIPO DE SUELA|
1.0|0.0|0.0|0.0|BOYACA|4923|TRANSPORTE DE CARGA POR CARRETERA|
1.0|32880.0|0.0|2.0|SUTATENZA|4390|OTRAS ACTIVIDADES ESPECIALIZADAS PARA LA CONSTRUCCION DE EDIFICIOS Y OBRAS DE INGENIERIA CIVIL|
1.0|0.0|0.0|0.0|FUNZA|2212|REENCAUCHE DE LLANTAS USADAS|
1.0|0.0|2.0|0.0|PUERTO BOYACA|8790|OTRAS ACTIVIDADES DE ATENCION EN INSTITUCIONES CON ALOJAMIENTO|
1.0|1348080.0|12.0|42.0|TUTA|4659|COMERCIO AL POR MAYOR DE OTROS TIPOS DE MAQUINARIA Y EQUIPO NCP|
1.0|0.0|0.0|2.0|BOYACA|8412|ACTIVIDADES EJECUTIVAS DE LA ADMINISTRACION PUBLICA|
1.0|0.0|1.0|2.0|LA UVITA|9499|ACTIVIDADES DE OTRAS ASOCIACIONES NCP|
1.0|113460.0|0.0|2.0|SIMIJACA|0150|EXPLOTACION MIXTA (AGRICOLA Y PECUARIA)|
1.0|0.0|0.0|0.0|TUNJA|2431|FUNDICION DE HIERRO Y DE ACERO|
1.0|0.0|1.0|1.0|SANTAFE DE BOGOTA|0125|CULTIVO DE FLOR DE CORTE|
2.0|98640.0|3.0|2.0|RAMIRIQUI|5611|EXPENDIO A LA MESA DE COMIDAS PREPARADAS|
1.0|151280.0|1.0|3.0|SIMIJACA|0149|CRIA DE OTROS ANIMALES NCP|
1.0|65760.0|0.0|1.0|VILLA DE LEYVA|3110|FABRICACION DE MUEBLES|
2.0|690480.0|16.0|24.0|SANTAFE DE BOGOTA|0312|PESCA DE AGUA DULCE|
2.0|32880.0|8.0|79.0|TUNJA|4930|TRANSPORTE POR TUBERIAS|
1.0|65760.0|1.0|0.0|MONGUI|9700|ACTIVIDADES DE LOS HOGARES INDIVIDUALES COMO EMPLEADORES DE PERSONAL DOMESTICO|
1.0|0.0|2.0|4.0|CUITIVA|7110|ACTIVIDADES DE ARQUITECTURA E INGENIERIA Y OTRAS ACTIVIDADES CONEXAS DE CONSULTORIA TECNICA|
1.0|32880.0|2.0|7.0|DUITAMA|2591|FORJA- PRENSADO- ESTAMPADO Y LAMINADO DE METAL- PULVIMETALURGIA|
1.0|1348080.0|32.0|0.0|ARCABUCO|8890|OTRAS ACTIVIDADES DE ASISTENCIA SOCIAL SIN ALOJAMIENTO|
1.0|624720.0|15.0|0.0|TUNJA|8810|ACTIVIDADES DE ASISTENCIA SOCIAL SIN ALOJAMIENTO PARA PERSONAS MAYORES Y DISCAPACITADAS|
1.0|0.0|0.0|0.0|SOACHA|2512|FABRICACION DE TANQUES- DEPOSITOS Y RECIPIENTES DE METAL- EXCEPTO LOS UTILIZADOS PARA EL ENVASE O TRANSPORTE DE MERCANCIAS|
1.0|0.0|0.0|0.0|MACANAL|4111|CONSTRUCCION DE EDIFICIOS RESIDENCIALES|
1.0|98640.0|2.0|12.0|DUITAMA|2825|FABRICACION DE MAQUINARIA PARA LA ELABORACION DE ALIMENTOS- BEBIDAS Y TABACO|
1.0|98640.0|0.0|6.0|TOPAGA|4665|COMERCIO AL POR MAYOR DE DESPERDICIOS- DESECHOS Y CHATARRA|
2.0|427440.0|1.0|3.0|MANIZALES|7820|ACTIVIDADES DE AGENCIAS DE EMPLEO TEMPORAL|
1.0|295920.0|4.0|6.0|BRICENO|8621|ACTIVIDADES DE LA PRACTICA MEDICA- SIN INTERNACION|
1.0|0.0|1.0|2.0|VILLA DE LEYVA|6130|ACTIVIDADES DE TELECOMUNICACION SATELITAL|
1.0|113460.0|0.0|24.0|CALI|0141|CRIA DE GANADO BOVINO Y BUFALINO|
1.0|131520.0|1.0|0.0|MANIZALES|1040|ELABORACION DE PRODUCTOS LACTEOS|
1.0|230160.0|4.0|2.0|TINJACA|4921|TRANSPORTE DE PASAJEROS|
1.0|394560.0|6.0|6.0|BUSBANZA|8413|REGULACION DE LAS ACTIVIDADES DE ORGANISMOS QUE PRESTAN SERVICIOS DE SALUD- EDUCATIVOS- CULTURALES Y OTROS SERVICIOS SOCIALES- EXCEPTO SERVICIOS DE SEGURIDAD SOCIAL|
1.0|920640.0|8.0|22.0|CUBARA|8411|ACTIVIDADES LEGISLATIVAS DE LA ADMINISTRACION PUBLICA|
1.0|526080.0|6.0|18.0|SORACA|8411|ACTIVIDADES LEGISLATIVAS DE LA ADMINISTRACION PUBLICA|
1.0|394560.0|10.0|13.0|TOCA|8412|ACTIVIDADES EJECUTIVAS DE LA ADMINISTRACION PUBLICA|
1.0|0.0|1.0|1.0|CHIA|4312|PREPARACION DEL TERRENO|
1.0|65760.0|2.0|1.0|CORRALES|8699|OTRAS ACTIVIDADES DE ATENCION DE LA SALUD HUMANA|
2.0|526080.0|11.0|22.0|SOGAMOSO|6311|PROCESAMIENTO DE DATOS- ALOJAMIENTO (HOSTING) Y ACTIVIDADES RELACIONADAS|
1.0|65760.0|0.0|1.0|FUNZA|4661|COMERCIO AL POR MAYOR DE COMBUSTIBLES SOLIDOS- LIQUIDOS- GASEOSOS Y PRODUCTOS CONEXOS|
1.0|0.0|0.0|0.0|CHIQUINQUIRA|5613|EXPENDIO DE COMIDAS PREPARADAS EN CAFETERIAS|
1.0|0.0|1.0|0.0|GUAYATA|9491|ACTIVIDADES DE ASOCIACIONES RELIGIOSAS|
1.0|164400.0|0.0|2.0|MIRAFLORES|4632|COMERCIO AL POR MAYOR DE BEBIDAS Y TABACO|
1.0|493200.0|0.0|0.0|TASCO|9499|ACTIVIDADES DE OTRAS ASOCIACIONES NCP|
1.0|197280.0|1.0|4.0|SIACHOQUE|3600|CAPTACION- TRATAMIENTO Y DISTRIBUCION DE AGUA|
1.0|131520.0|0.0|2.0|SABOYA|7020|ACTIVIDADES DE CONSULTARIA DE GESTION|
1.0|65760.0|2.0|1.0|OTANCHE|4711|COMERCIO AL POR MENOR EN ESTABLECIMIENTOS NO ESPECIALIZADOS CON SURTIDO COMPUESTO PRINCIPALMENTE POR ALIMENTOS- BEBIDAS O TABACO|
1.0|0.0|0.0|1.0|SORACA|4759|COMERCIO AL POR MENOR DE OTROS ARTICULOS DOMESTICOS EN ESTABLECIMIENTOS ESPECIALIZADOS|
1.0|32880.0|1.0|0.0|COMBITA|6810|ACTIVIDADES INMOBILIARIAS REALIZADAS CON BIENES PROPIOS O ARRENDADOS|
1.0|0.0|0.0|0.0|GIRON|7490|OTRAS ACTIVIDADES PROFESIONALES- CIENTIFICAS Y TECNICAS NCP|
1.0|0.0|0.0|0.0|TUTA|0510|EXTRACCION DE HULLA (CARBON DE PIEDRA)|
1.0|230160.0|5.0|5.0|SAMACA|4731|COMERCIO AL POR MENOR DE COMBUSTIBLE PARA AUTOMOTORES|
1.0|854880.0|4.0|28.0|PUERTO BOYACA|8130|ACTIVIDADES DE PAISAJISMO Y SERVICIOS DE MANTENIMIENTO CONEXOS|
1.0|65760.0|2.0|1.0|VILLA DE LEYVA|6492|ACTIVIDADES FINANCIERAS DE FONDOS DE EMPLEADOS Y OTRAS FORMAS ASOCIATIVAS DEL SECTOR SOLIDARIO|
1.0|493200.0|5.0|5.0|SOGAMOSO|5914|ACTIVIDADES DE EXHIBICION DE PELICULAS CINEMATOGRAFICAS Y VIDEOS|
1.0|164400.0|1.0|4.0|SANTANA|4731|COMERCIO AL POR MENOR DE COMBUSTIBLE PARA AUTOMOTORES|
1.0|591840.0|3.0|15.0|MONIQUIRA|3600|CAPTACION- TRATAMIENTO Y DISTRIBUCION DE AGUA|
1.0|65760.0|0.0|4.0|CALI|4722|COMERCIO AL POR MENOR DE LECHE- PRODUCTOS LACTEOS Y HUEVOS- EN ESTABLECIMIENTOS ESPECIALIZADOS|
1.0|98640.0|0.0|3.0|TURMEQUE|4752|COMERCIO AL POR MENOR DE ARTICULOS DE FERRETERIA- PINTURAS Y PRODUCTOS DE VIDRIO EN ESTABLECIMIENTOS ESPECIALIZADOS|
1.0|65760.0|5.0|1.0|MACANAL|8790|OTRAS ACTIVIDADES DE ATENCION EN INSTITUCIONES CON ALOJAMIENTO|
1.0|4767600.0|234.0|74.0|SANTAFE DE BOGOTA|8790|OTRAS ACTIVIDADES DE ATENCION EN INSTITUCIONES CON ALOJAMIENTO|
1.0|723360.0|11.0|12.0|IZA|8411|ACTIVIDADES LEGISLATIVAS DE LA ADMINISTRACION PUBLICA|
1.0|953520.0|13.0|17.0|OICATA|8411|ACTIVIDADES LEGISLATIVAS DE LA ADMINISTRACION PUBLICA|
1.0|0.0|1.0|0.0|SANTA SOFIA|9491|ACTIVIDADES DE ASOCIACIONES RELIGIOSAS|
1.0|98640.0|1.0|5.0|SAMACA|4663|COMERCIO AL POR MAYOR DE MATERIALES DE CONSTRUCCION- ARTICULOS DE FERRETERIA- PINTURAS- PRODUCTOS DE VIDRIO- EQUIPO Y MATERIALES DE FONTANERIA Y CALEFACCION|
1.0|32880.0|1.0|0.0|PAZ DEL RIO|9700|ACTIVIDADES DE LOS HOGARES INDIVIDUALES COMO EMPLEADORES DE PERSONAL DOMESTICO|
1.0|0.0|0.0|0.0|COMBITA|4290|CONSTRUCCION DE OTRAS OBRAS DE INGENIERIA CIVIL|
1.0|32880.0|1.0|0.0|TIBASOSA|8211|ACTIVIDADES COMBINADAS DE SERVICIOS ADMINISTRATIVOS DE OFICINA|
1.0|295920.0|3.0|12.0|MONIQUIRA|6110|ACTIVIDADES DE TELECOMUNICACIONES ALAMBRICAS|
1.0|32880.0|0.0|6.0|PUERTO BOYACA|1011|PROCESAMIENTO Y CONSERVACION DE CARNE Y PRODUCTOS CARNICOS|
1.0|32880.0|0.0|1.0|CALI|7310|PUBLICIDAD|
1.0|65760.0|1.0|1.0|SANTA SOFIA|6810|ACTIVIDADES INMOBILIARIAS REALIZADAS CON BIENES PROPIOS O ARRENDADOS|
1.0|0.0|0.0|2.0|COMBITA|7110|ACTIVIDADES DE ARQUITECTURA E INGENIERIA Y OTRAS ACTIVIDADES CONEXAS DE CONSULTORIA TECNICA|
1.0|0.0|0.0|1.0|ARMENIA|6201|ACTIVIDADES DE DESARROLLO DE SISTEMAS INFORMATICOS (PLANIFICACION- ANALISIS- DISEÑ- PROGRAMACION- PRUEBAS)|
1.0|0.0|0.0|0.0|SACHICA|6820|ACTIVIDADES INMOBILIARIAS REALIZADAS A CAMBIO DE UNA RETRIBUCION O POR CONTRATA|
1.0|65760.0|1.0|1.0|TOCANCIPA|7110|ACTIVIDADES DE ARQUITECTURA E INGENIERIA Y OTRAS ACTIVIDADES CONEXAS DE CONSULTORIA TECNICA|
1.0|98640.0|1.0|5.0|VILLA DE LEYVA|6110|ACTIVIDADES DE TELECOMUNICACIONES ALAMBRICAS|
1.0|361680.0|7.0|8.0|TUNJA|1820|PRODUCCION DE COPIAS A PARTIR DE GRABACIONES ORIGINALES|
1.0|164400.0|1.0|5.0|PUERTO BOYACA|4922|TRANSPORTE MIXTO|
1.0|416020.0|3.0|9.0|GARAGOA|0149|CRIA DE OTROS ANIMALES NCP|
1.0|65760.0|1.0|4.0|MONIQUIRA|3520|PRODUCCION DE GAS- DISTRIBUCION DE COMBUSTIBLES GASEOSOS POR TUBERIAS|
1.0|0.0|0.0|0.0|PAZ DEL RIO|8522|EDUCACION MEDIA ACADEMICA|
1.0|0.0|1.0|0.0|PAZ DEL RIO|5619|OTROS TIPOS DE EXPENDIO DE COMIDAS PREPARADAS NCP|
1.0|32880.0|2.0|0.0|MONIQUIRA|8413|REGULACION DE LAS ACTIVIDADES DE ORGANISMOS QUE PRESTAN SERVICIOS DE SALUD- EDUCATIVOS- CULTURALES Y OTROS SERVICIOS SOCIALES- EXCEPTO SERVICIOS DE SEGURIDAD SOCIAL|
2.0|394560.0|14.0|1.0|NOBSA|6910|ACTIVIDADES JURIDICAS|
1.0|3682560.0|2.0|9.0|MONGUA|4754|COMERCIO AL POR MENOR DE ELECTRODOMESTICOS Y GASODOMESTICOS DE USO DOMESTICO- MUEBLES Y EQUIPOS DE ILUMINACION|
1.0|230160.0|4.0|13.0|BETEITIVA|8411|ACTIVIDADES LEGISLATIVAS DE LA ADMINISTRACION PUBLICA|
1.0|493200.0|10.0|15.0|CUCAITA|8411|ACTIVIDADES LEGISLATIVAS DE LA ADMINISTRACION PUBLICA|
1.0|32880.0|1.0|2.0|NUEVO COLON|3900|ACTIVIDADES DE SANEAMIENTO AMBIENTAL Y OTROS SERVICIOS DE GESTION DE DESECHOS|
1.0|263040.0|11.0|40.0|SAN PABLO DE BORBUR|4290|CONSTRUCCION DE OTRAS OBRAS DE INGENIERIA CIVIL|
1.0|32880.0|1.0|0.0|BOYACA|8299|OTRAS ACTIVIDADES DE SERVICIO DE APOYO A LAS EMPRESAS NCP|
1.0|0.0|0.0|2.0|SANTAFE DE BOGOTA|4329|OTRAS INSTALACIONES ESPECIALIZADAS|
1.0|0.0|0.0|2.0|UMBITA|4731|COMERCIO AL POR MENOR DE COMBUSTIBLE PARA AUTOMOTORES|
1.0|0.0|0.0|2.0|SAMACA|4390|OTRAS ACTIVIDADES ESPECIALIZADAS PARA LA CONSTRUCCION DE EDIFICIOS Y OBRAS DE INGENIERIA CIVIL|
1.0|0.0|0.0|0.0|MANIZALES|7310|PUBLICIDAD|
1.0|0.0|1.0|2.0|GARAGOA|6110|ACTIVIDADES DE TELECOMUNICACIONES ALAMBRICAS|
3.0|98640.0|2.0|22.0|PAIPA|4220|CONSTRUCCION DE PROYECTOS DE SERVICIO PUBLICO|
1.0|197280.0|2.0|12.0|GUATEQUE|0899|EXTRACCION DE OTROS MINERALES NO METALICOS NCP|
2.0|920640.0|0.0|21.0|TOCA|4290|CONSTRUCCION DE OTRAS OBRAS DE INGENIERIA CIVIL|
3.0|576810.0|16.0|13.0|SANTAFE DE BOGOTA|1082|ELABORACION DE CACAO- CHOCOLATE Y PRODUCTOS DE CONFITERIA|
2.0|1479600.0|39.0|46.0|NOBSA|8411|ACTIVIDADES LEGISLATIVAS DE LA ADMINISTRACION PUBLICA|
2.0|98640.0|10.0|18.0|SUTAMARCHAN|8411|ACTIVIDADES LEGISLATIVAS DE LA ADMINISTRACION PUBLICA|
4.0|263040.0|4.0|10.0|TUNJA|3830|RECUPERACION DE MATERIALES|
2.0|657600.0|14.0|17.0|EL COCUY|8411|ACTIVIDADES LEGISLATIVAS DE LA ADMINISTRACION PUBLICA|
17.0|1019280.0|17.0|43.0|SOGAMOSO|7020|ACTIVIDADES DE CONSULTARIA DE GESTION|
7.0|65760.0|11.0|5.0|CHIQUINQUIRA|6920|ACTIVIDADES DE CONTABILIDAD- TENEDURIA DE LIBROS- AUDITORIA FINANCIERA Y ASESORIA TRIBUTARIA|
9.0|2531760.0|77.0|38.0|DUITAMA|4642|COMERCIO AL POR MAYOR DE PRENDAS DE VESTIR|
1.0|65760.0|0.0|7.0|MANIZALES|9499|ACTIVIDADES DE OTRAS ASOCIACIONES NCP|
3.0|378200.0|0.0|9.0|GUATEQUE|0145|CRIA DE AVES DE CORRAL|
2.0|32880.0|2.0|2.0|BELEN|4711|COMERCIO AL POR MENOR EN ESTABLECIMIENTOS NO ESPECIALIZADOS CON SURTIDO COMPUESTO PRINCIPALMENTE POR ALIMENTOS- BEBIDAS O TABACO|
3.0|131520.0|5.0|0.0|CHIQUINQUIRA|6621|ACTIVIDADES DE AGENTES Y CORREDORES DE SEGUROS|
1.0|0.0|0.0|0.0|VENTAQUEMADA|8513|EDUCACION BASICA PRIMARIA|
3.0|65760.0|5.0|3.0|MONIQUIRA|6910|ACTIVIDADES JURIDICAS|
5.0|361680.0|1.0|21.0|CHIQUINQUIRA|4220|CONSTRUCCION DE PROYECTOS DE SERVICIO PUBLICO|
3.0|427440.0|5.0|9.0|CHIQUINQUIRA|7020|ACTIVIDADES DE CONSULTARIA DE GESTION|
3.0|822000.0|15.0|9.0|CHIQUINQUIRA|5221|ACTIVIDADES DE ESTACIONES- VIAS Y SERVICIOS COMPLEMENTARIOS PARA EL TRANSPORTE TERRESTRE|
11.0|2334480.0|4.0|89.0|SOCHA|4923|TRANSPORTE DE CARGA POR CARRETERA|
1.0|657600.0|15.0|5.0|CHIQUIZA|8699|OTRAS ACTIVIDADES DE ATENCION DE LA SALUD HUMANA|
1.0|0.0|3.0|0.0|CUITIVA|8610|ACTIVIDADES DE HOSPITALES Y CLINICAS- CON INTERNACION|
9.0|680760.0|6.0|14.0|DUITAMA|0143|CRIA DE OVEJAS Y CABRAS|
1.0|98640.0|2.0|0.0|CALI|7490|OTRAS ACTIVIDADES PROFESIONALES- CIENTIFICAS Y TECNICAS NCP|
3.0|131520.0|1.0|4.0|CHIQUINQUIRA|6120|ACTIVIDADES DE TELECOMUNICACIONES INALAMBRICAS|
6.0|361680.0|10.0|11.0|CHIQUINQUIRA|4719|COMERCIO AL POR MENOR EN ESTABLECIMIENTOS NO ESPECIALIZADOS- CON SURTIDO COMPUESTO PRINCIPALMENTE POR PRODUCTOS DIFERENTES DE ALIMENTOS (VIVERES EN GENERAL)- BEBIDAS Y TABACO|
3.0|361680.0|24.0|6.0|SOTAQUIRA|9499|ACTIVIDADES DE OTRAS ASOCIACIONES NCP|
5.0|263040.0|15.0|3.0|SOGAMOSO|4775|COMERCIO AL POR MENOR DE ARTICULOS DE SEGUNDA MANO|
5.0|2170080.0|70.0|44.0|TUNJA|8412|ACTIVIDADES EJECUTIVAS DE LA ADMINISTRACION PUBLICA|
1.0|98640.0|1.0|1.0|MEDELLIN|6190|OTRAS ACTIVIDADES DE TELECOMUNICACIONES|
1.0|0.0|0.0|1.0|CHIVATA|3600|CAPTACION- TRATAMIENTO Y DISTRIBUCION DE AGUA|
2.0|0.0|2.0|1.0|SAMACA|4721|COMERCIO AL POR MENOR DE PRODUCTOS AGRICOLAS PARA EL CONSUMO EN ESTABLECIMIENTOS ESPECIALIZADOS|
6.0|197280.0|6.0|2.0|SOGAMOSO|4774|COMERCIO AL POR MENOR DE OTROS PRODUCTOS NUEVOS EN ESTABLECIMIENTOS ESPECIALIZADOS|
1.0|0.0|0.0|1.0|SANTAFE DE BOGOTA|2790|FABRICACION DE OTROS TIPOS DE EQUIPO ELECTRICO NCP|
6.0|1216560.0|16.0|25.0|VILLA DE LEYVA|3600|CAPTACION- TRATAMIENTO Y DISTRIBUCION DE AGUA|
11.0|723360.0|16.0|12.0|TUNJA|9609|OTRAS ACTIVIDADES DE SERVICIOS PERSONALES NCP|
2.0|2038560.0|1.0|20.0|BELEN|0510|EXTRACCION DE HULLA (CARBON DE PIEDRA)|
14.0|3912720.0|15.0|95.0|SAMACA|1910|FABRICACION DE PRODUCTOS DE HORNOS DE COQUE|
3.0|460320.0|21.0|12.0|MIRAFLORES|8411|ACTIVIDADES LEGISLATIVAS DE LA ADMINISTRACION PUBLICA|
1.0|32880.0|1.0|0.0|GUATEQUE|7710|ALQUILER Y ARRENDAMIENTO DE VEHICULOS AUTOMOTORES|
1.0|32880.0|1.0|0.0|SOCHA|7810|ACTIVIDADES DE AGENCIAS DE EMPLEO|
1.0|164400.0|1.0|2.0|CHINAVITA|4631|COMERCIO AL POR MAYOR DE PRODUCTOS ALIMENTICIOS|
13.0|1052160.0|48.0|35.0|TUNJA|7010|ACTIVIDADES DE ADMINISTRACION EMPRESARIAL|
1.0|75640.0|4.0|7.0|VILLA DE LEYVA|0149|CRIA DE OTROS ANIMALES NCP|
8.0|1117920.0|15.0|28.0|PAIPA|4752|COMERCIO AL POR MENOR DE ARTICULOS DE FERRETERIA- PINTURAS Y PRODUCTOS DE VIDRIO EN ESTABLECIMIENTOS ESPECIALIZADOS|
3.0|230160.0|0.0|13.0|PAIPA|4663|COMERCIO AL POR MAYOR DE MATERIALES DE CONSTRUCCION- ARTICULOS DE FERRETERIA- PINTURAS- PRODUCTOS DE VIDRIO- EQUIPO Y MATERIALES DE FONTANERIA Y CALEFACCION|
1.0|0.0|0.0|0.0|PAIPA|4652|COMERCIO AL POR MAYOR DE EQUIPO- PARTES Y PIEZAS ELECTRONICOS Y DE TELECOMUNICACIONES|
8.0|5622480.0|49.0|162.0|SOGAMOSO|8110|ACTIVIDADES COMBINADAS DE APOYO A INSTALACIONES|
2.0|197280.0|5.0|7.0|SAMACA|9491|ACTIVIDADES DE ASOCIACIONES RELIGIOSAS|
1.0|0.0|2.0|0.0|MIRAFLORES|4645|COMERCIO AL POR MAYOR DE PRODUCTOS FARMACEUTICOS- MEDICINALES- COSMETICOS Y DE TOCADOR|
23.0|5030640.0|134.0|99.0|SOGAMOSO|4711|COMERCIO AL POR MENOR EN ESTABLECIMIENTOS NO ESPECIALIZADOS CON SURTIDO COMPUESTO PRINCIPALMENTE POR ALIMENTOS- BEBIDAS O TABACO|
1.0|624720.0|6.0|17.0|GUICAN|1040|ELABORACION DE PRODUCTOS LACTEOS|
1.0|0.0|0.0|1.0|TIBANA|4923|TRANSPORTE DE CARGA POR CARRETERA|
3.0|2400240.0|62.0|36.0|SOGAMOSO|5320|ACTIVIDADES DE MENSAJERIA|
4.0|263040.0|2.0|2.0|DUITAMA|1811|ACTIVIDADES DE IMPRESION|
7.0|1052160.0|46.0|16.0|DUITAMA|4751|COMERCIO AL POR MENOR DE PRODUCTOS TEXTILES EN ESTABLECIMIENTOS ESPECIALIZADOS|
1.0|526080.0|5.0|9.0|SOGAMOSO|1630|FABRICACION DE PARTES Y PIEZAS DE MADERA- DE CARPINTERIA Y EBANISTERIA PARA LA CONSTRUCCION|
1.0|0.0|0.0|0.0|BOAVITA|4923|TRANSPORTE DE CARGA POR CARRETERA|
1.0|0.0|0.0|1.0|PAIPA|4512|COMERCIO DE VEHICULOS AUTOMOTORES USADOS|
2.0|164400.0|1.0|3.0|VILLA DE LEYVA|0081|PERSONAS NATURALES SIN ACTIVIDAD ECONOMICA|
2.0|0.0|0.0|0.0|ZETAQUIRA|9499|ACTIVIDADES DE OTRAS ASOCIACIONES NCP|
1.0|0.0|0.0|0.0|PAIPA|2219|FABRICACION DE FORMAS BASICAS DE CAUCHO Y OTROS PRODUCTOS DE CAUCHO NCP|
1.0|32880.0|1.0|0.0|SAMACA|4719|COMERCIO AL POR MENOR EN ESTABLECIMIENTOS NO ESPECIALIZADOS- CON SURTIDO COMPUESTO PRINCIPALMENTE POR PRODUCTOS DIFERENTES DE ALIMENTOS (VIVERES EN GENERAL)- BEBIDAS Y TABACO|
3.0|2038560.0|19.0|76.0|CIENEGA|1040|ELABORACION DE PRODUCTOS LACTEOS|
2.0|65760.0|2.0|3.0|ARCABUCO|7110|ACTIVIDADES DE ARQUITECTURA E INGENIERIA Y OTRAS ACTIVIDADES CONEXAS DE CONSULTORIA TECNICA|
1.0|558960.0|4.0|9.0|BELEN|7500|ACTIVIDADES VETERINARIAS|
1.0|65760.0|0.0|1.0|SIACHOQUE|1103|PRODUCCION DE MALTA- ELABORACION DE CERVEZAS Y OTRAS BEBIDAS MALTEADAS|
1.0|0.0|0.0|0.0|RAMIRIQUI|3900|ACTIVIDADES DE SANEAMIENTO AMBIENTAL Y OTROS SERVICIOS DE GESTION DE DESECHOS|
1.0|131520.0|0.0|1.0|IBAGUE|4752|COMERCIO AL POR MENOR DE ARTICULOS DE FERRETERIA- PINTURAS Y PRODUCTOS DE VIDRIO EN ESTABLECIMIENTOS ESPECIALIZADOS|
4.0|493200.0|12.0|8.0|SOGAMOSO|4729|COMERCIO AL POR MENOR DE OTROS PRODUCTOS ALIMENTICIOS NCP- EN ESTABLECIMIENTOS ESPECIALIZADOS|
1.0|0.0|0.0|2.0|GARAGOA|6120|ACTIVIDADES DE TELECOMUNICACIONES INALAMBRICAS|
1.0|32880.0|1.0|0.0|CARTAGENA|0311|PESCA MARITIMA|
3.0|328800.0|5.0|5.0|PUERTO BOYACA|4729|COMERCIO AL POR MENOR DE OTROS PRODUCTOS ALIMENTICIOS NCP- EN ESTABLECIMIENTOS ESPECIALIZADOS|
1.0|164400.0|10.0|3.0|NOBSA|8610|ACTIVIDADES DE HOSPITALES Y CLINICAS- CON INTERNACION|
1.0|0.0|0.0|1.0|SANTA ROSA DE VITERBO|4210|CONSTRUCCION DE CARRETERAS Y VIAS DE FERROCARRIL|
3.0|295920.0|9.0|6.0|TUNJA|6630|ACTIVIDADES DE ADMINISTRACION DE FONDOS|
7.0|526080.0|2.0|16.0|MONIQUIRA|4752|COMERCIO AL POR MENOR DE ARTICULOS DE FERRETERIA- PINTURAS Y PRODUCTOS DE VIDRIO EN ESTABLECIMIENTOS ESPECIALIZADOS|
1.0|0.0|1.0|0.0|VILLA DE LEYVA|9529|MANTENIMIENTO Y REPARACION DE OTROS EFECTOS PERSONALES Y ENSERES DOMESTICOS|
3.0|756400.0|3.0|24.0|SANTAFE DE BOGOTA|0210|SILVICULTURA Y OTRAS ACTIVIDADES FORESTALES|
1.0|98640.0|0.0|1.0|SAN GIL|4923|TRANSPORTE DE CARGA POR CARRETERA|
3.0|131520.0|5.0|4.0|SOATA|5511|ALOJAMIENTO EN HOTELES|
1.0|558960.0|4.0|15.0|SAMACA|0812|EXTRACCION DE ARCILLAS DE USO INDUSTRIAL- CALIZA- CAOLIN Y BENTONITAS|
1.0|0.0|0.0|3.0|PUERTO BOYACA|3312|MANTENIMIENTO Y REPARACION ESPECIALIZADO DE MAQUINARIA Y EQUIPO|
2.0|1150800.0|15.0|16.0|SIACHOQUE|8411|ACTIVIDADES LEGISLATIVAS DE LA ADMINISTRACION PUBLICA|
1.0|0.0|0.0|0.0|VILLA DE LEYVA|4631|COMERCIO AL POR MAYOR DE PRODUCTOS ALIMENTICIOS|
1.0|0.0|0.0|1.0|SAN MATEO|9491|ACTIVIDADES DE ASOCIACIONES RELIGIOSAS|
2.0|131520.0|2.0|1.0|PACHAVITA|8411|ACTIVIDADES LEGISLATIVAS DE LA ADMINISTRACION PUBLICA|
5.0|131520.0|7.0|56.0|MIRAFLORES|4290|CONSTRUCCION DE OTRAS OBRAS DE INGENIERIA CIVIL|
1.0|32880.0|4.0|4.0|MANIZALES|9603|POMPAS FUNEBRES Y ACTIVIDADES RELACIONADAS|
1.0|295920.0|2.0|5.0|SANTA MARIA|3312|MANTENIMIENTO Y REPARACION ESPECIALIZADO DE MAQUINARIA Y EQUIPO|
1.0|0.0|1.0|0.0|OICATA|0000|NO DEFINIDA ACTIVIDAD ECONOMICA|
5.0|427440.0|11.0|18.0|SANTAFE DE BOGOTA|8621|ACTIVIDADES DE LA PRACTICA MEDICA- SIN INTERNACION|
1.0|164400.0|0.0|1.0|NOBSA|4930|TRANSPORTE POR TUBERIAS|
1.0|131520.0|0.0|3.0|SANTA ROSA DE VITERBO|4290|CONSTRUCCION DE OTRAS OBRAS DE INGENIERIA CIVIL|
3.0|98640.0|3.0|6.0|SOTAQUIRA|3600|CAPTACION- TRATAMIENTO Y DISTRIBUCION DE AGUA|
1.0|0.0|0.0|0.0|SAN EDUARDO|8890|OTRAS ACTIVIDADES DE ASISTENCIA SOCIAL SIN ALOJAMIENTO|
1.0|493200.0|10.0|0.0|SAN PABLO DE BORBUR|9499|ACTIVIDADES DE OTRAS ASOCIACIONES NCP|
2.0|1249440.0|3.0|39.0|TUNJA|2410|INDUSTRIAS BASICAS DE HIERRO Y DE ACERO|
2.0|113460.0|0.0|4.0|PESCA|0141|CRIA DE GANADO BOVINO Y BUFALINO|
1.0|32880.0|2.0|0.0|SAN LUIS DE GACENO|5511|ALOJAMIENTO EN HOTELES|
1.0|131520.0|2.0|3.0|SORACA|7110|ACTIVIDADES DE ARQUITECTURA E INGENIERIA Y OTRAS ACTIVIDADES CONEXAS DE CONSULTORIA TECNICA|
3.0|131520.0|4.0|3.0|SANTAFE DE BOGOTA|6511|SEGUROS GENERALES|
1.0|98640.0|2.0|0.0|RAMIRIQUI|4649|COMERCIO AL POR MAYOR DE OTROS UTENSILIOS DOMESTICOS NCP|
2.0|6115680.0|180.0|84.0|SANTAFE DE BOGOTA|6412|BANCOS COMERCIALES|
1.0|131520.0|1.0|6.0|CHIQUINQUIRA|5320|ACTIVIDADES DE MENSAJERIA|
2.0|0.0|0.0|6.0|TUNJA|0812|EXTRACCION DE ARCILLAS DE USO INDUSTRIAL- CALIZA- CAOLIN Y BENTONITAS|
1.0|65760.0|2.0|1.0|SANTAFE DE BOGOTA|2393|FABRICACION DE OTROS PRODUCTOS DE CERAMICA Y PORCELANA|
3.0|427440.0|6.0|15.0|CHITA|8411|ACTIVIDADES LEGISLATIVAS DE LA ADMINISTRACION PUBLICA|
1.0|164400.0|6.0|3.0|SOGAMOSO|8730|ACTIVIDADES DE ATENCION EN INSTITUCIONES PARA EL CUIDADO DE PERSONAS MAYORES Y/O DISCAPACITADAS|
1.0|0.0|0.0|2.0|CHIVATA|4661|COMERCIO AL POR MAYOR DE COMBUSTIBLES SOLIDOS- LIQUIDOS- GASEOSOS Y PRODUCTOS CONEXOS|
1.0|230160.0|0.0|4.0|NOBSA|2211|FABRICACION DE LLANTAS Y NEUMATICOS DE CAUCHO|
1.0|197280.0|5.0|0.0|PAIPA|6920|ACTIVIDADES DE CONTABILIDAD- TENEDURIA DE LIBROS- AUDITORIA FINANCIERA Y ASESORIA TRIBUTARIA|
4.0|986400.0|18.0|6.0|DUITAMA|7710|ALQUILER Y ARRENDAMIENTO DE VEHICULOS AUTOMOTORES|
1.0|0.0|0.0|19.0|PUERTO BOYACA|7820|ACTIVIDADES DE AGENCIAS DE EMPLEO TEMPORAL|
1.0|1019280.0|17.0|17.0|SANTA MARIA|8411|ACTIVIDADES LEGISLATIVAS DE LA ADMINISTRACION PUBLICA|
3.0|361680.0|2.0|12.0|SOGAMOSO|2599|FABRICACION DE OTROS PRODUCTOS ELABORADOS DE METAL NCP|
1.0|0.0|0.0|1.0|CIENEGA|4290|CONSTRUCCION DE OTRAS OBRAS DE INGENIERIA CIVIL|
1.0|0.0|0.0|0.0|PUERTO BOYACA|0149|CRIA DE OTROS ANIMALES NCP|
2.0|416020.0|8.0|7.0|TUNJA|0145|CRIA DE AVES DE CORRAL|
1.0|0.0|0.0|0.0|SOGAMOSO|4641|COMERCIO AL POR MAYOR DE PRODUCTOS TEXTILES- PRODUCTOS CONFECCIONADOS PARA USO DOMESTICO|
1.0|32880.0|0.0|1.0|PUERTO BOYACA|7500|ACTIVIDADES VETERINARIAS|
1.0|131520.0|1.0|2.0|TINJACA|4754|COMERCIO AL POR MENOR DE ELECTRODOMESTICOS Y GASODOMESTICOS DE USO DOMESTICO- MUEBLES Y EQUIPOS DE ILUMINACION|
1.0|0.0|0.0|0.0|CHIVATA|0520|EXTRACCION DE CARBON LIGNITO|
2.0|164400.0|0.0|1.0|TUNJA|4312|PREPARACION DEL TERRENO|
1.0|131520.0|0.0|1.0|RAMIRIQUI|8512|EDUCACION PREESCOLAR|
1.0|32880.0|0.0|2.0|SANTAFE DE BOGOTA|8551|FORMACION ACADEMICA NO FORMAL|
1.0|65760.0|0.0|2.0|FLORIDABLANCA|1072|ELABORACION DE PANELA|
1.0|65760.0|0.0|1.0|DUITAMA|5210|ALMACENAMIENTO Y DEPOSITO|
1.0|0.0|1.0|0.0|AQUITANIA|8890|OTRAS ACTIVIDADES DE ASISTENCIA SOCIAL SIN ALOJAMIENTO|
1.0|131520.0|0.0|2.0|ARAUCA|4321|INSTALACIONES ELECTRICAS|
3.0|295920.0|8.0|36.0|GUATEQUE|7110|ACTIVIDADES DE ARQUITECTURA E INGENIERIA Y OTRAS ACTIVIDADES CONEXAS DE CONSULTORIA TECNICA|
5.0|427440.0|16.0|5.0|TUNJA|7420|ACTIVIDADES DE FOTOGRAFIA|
1.0|491660.0|2.0|4.0|TOCA|0125|CULTIVO DE FLOR DE CORTE|
1.0|0.0|1.0|0.0|BARRANQUILLA|8622|ACTIVIDADES DE LA PRACTICA ODONTOLOGICA|
1.0|624720.0|3.0|31.0|MOSQUERA|4290|CONSTRUCCION DE OTRAS OBRAS DE INGENIERIA CIVIL|
1.0|65760.0|0.0|9.0|SACHICA|4664|COMERCIO AL POR MAYOR DE PRODUCTOS QUIMICOS BASICOS- CAUCHOS Y PLASTICOS EN FORMAS PRIMARIAS Y PRODUCTOS QUIMICOS DE USO AGROPECUARIO|
3.0|657600.0|16.0|15.0|SOGAMOSO|1089|ELABORACION DE OTROS PRODUCTOS ALIMENTICIOS NCP|
1.0|0.0|1.0|4.0|LABRANZAGRANDE|8610|ACTIVIDADES DE HOSPITALES Y CLINICAS- CON INTERNACION|
1.0|1216560.0|5.0|30.0|VILLA DE LEYVA|8413|REGULACION DE LAS ACTIVIDADES DE ORGANISMOS QUE PRESTAN SERVICIOS DE SALUD- EDUCATIVOS- CULTURALES Y OTROS SERVICIOS SOCIALES- EXCEPTO SERVICIOS DE SEGURIDAD SOCIAL|
2.0|32880.0|1.0|3.0|SANTAFE DE BOGOTA|1102|ELABORACION DE BEBIDAS FERMENTADAS NO DESTILADAS|
1.0|164400.0|2.0|3.0|MONGUA|9499|ACTIVIDADES DE OTRAS ASOCIACIONES NCP|
1.0|0.0|1.0|1.0|PAIPA|9312|ACTIVIDADES DE CLUBES DEPORTIVOS|
1.0|65760.0|2.0|0.0|PUERTO BOYACA|4645|COMERCIO AL POR MAYOR DE PRODUCTOS FARMACEUTICOS- MEDICINALES- COSMETICOS Y DE TOCADOR|
1.0|427440.0|11.0|9.0|TASCO|8411|ACTIVIDADES LEGISLATIVAS DE LA ADMINISTRACION PUBLICA|
1.0|32880.0|4.0|10.0|GUATEQUE|9491|ACTIVIDADES DE ASOCIACIONES RELIGIOSAS|
2.0|98640.0|7.0|3.0|SOGAMOSO|8415|ACTIVIDADES DE LOS OTROS ORGANOS DE CONTROL|
3.0|789120.0|16.0|2.0|MEDELLIN|9499|ACTIVIDADES DE OTRAS ASOCIACIONES NCP|
4.0|32880.0|1.0|3.0|PUERTO BOYACA|4390|OTRAS ACTIVIDADES ESPECIALIZADAS PARA LA CONSTRUCCION DE EDIFICIOS Y OBRAS DE INGENIERIA CIVIL|
1.0|920640.0|132.0|2.0|BOAVITA|8890|OTRAS ACTIVIDADES DE ASISTENCIA SOCIAL SIN ALOJAMIENTO|
3.0|98640.0|6.0|0.0|MEDELLIN|8699|OTRAS ACTIVIDADES DE ATENCION DE LA SALUD HUMANA|
1.0|98640.0|0.0|2.0|BUCARAMANGA|8621|ACTIVIDADES DE LA PRACTICA MEDICA- SIN INTERNACION|
1.0|65760.0|0.0|1.0|TENZA|7730|ALQUILER Y ARRENDAMIENTO DE OTROS TIPOS DE MAQUINARIA- EQUIPO Y BIENES TANGIBLES NCP|
3.0|460320.0|3.0|9.0|PUERTO BOYACA|6120|ACTIVIDADES DE TELECOMUNICACIONES INALAMBRICAS|
1.0|75640.0|0.0|0.0|BOAVITA|0143|CRIA DE OVEJAS Y CABRAS|
1.0|32880.0|0.0|1.0|PEREIRA|4210|CONSTRUCCION DE CARRETERAS Y VIAS DE FERROCARRIL|
1.0|65760.0|0.0|1.0|SANTA MARIA|4111|CONSTRUCCION DE EDIFICIOS RESIDENCIALES|
2.0|3715440.0|73.0|29.0|CALI|8121|LIMPIEZA GENERAL INTERIOR DE EDIFICIOS|
2.0|0.0|1.0|5.0|SOATA|4111|CONSTRUCCION DE EDIFICIOS RESIDENCIALES|
2.0|98640.0|2.0|2.0|MONIQUIRA|4741|COMERCIO AL POR MENOR DE COMPUTADORES- EQUIPOS PERIFERICOS- PROGRAMAS DE INFORMATICA Y EQUIPOS DE TELECOMUNICACIONES EN ESTABLECIMIENTOS ESPECIALIZADOS|
1.0|0.0|0.0|5.0|JERICO|8610|ACTIVIDADES DE HOSPITALES Y CLINICAS- CON INTERNACION|
2.0|4899120.0|123.0|36.0|PAIPA|6910|ACTIVIDADES JURIDICAS|
1.0|295920.0|9.0|0.0|GARAGOA|8610|ACTIVIDADES DE HOSPITALES Y CLINICAS- CON INTERNACION|
1.0|32880.0|1.0|2.0|LABRANZAGRANDE|8423|ORDEN PUBLICO Y ACTIVIDADES DE SEGURIDAD|
3.0|131520.0|2.0|2.0|PAIPA|4773|COMERCIO AL POR MENOR DE PRODUCTOS FARMACEUTICOS Y MEDICINALES- COSMETICOS Y ARTICULOS DE TOCADOR EN ESTABLECIMIENTOS ESPECIALIZADOS|
1.0|0.0|0.0|3.0|TINJACA|8423|ORDEN PUBLICO Y ACTIVIDADES DE SEGURIDAD|
1.0|328800.0|1.0|4.0|SOATA|4752|COMERCIO AL POR MENOR DE ARTICULOS DE FERRETERIA- PINTURAS Y PRODUCTOS DE VIDRIO EN ESTABLECIMIENTOS ESPECIALIZADOS|
1.0|1676880.0|32.0|21.0|GIRON|6499|OTRAS ACTIVIDADES DE SERVICIO FINANCIERO- EXCEPTO LAS DE SEGUROS Y PENSIONES NCP|
2.0|65760.0|1.0|3.0|OTANCHE|4290|CONSTRUCCION DE OTRAS OBRAS DE INGENIERIA CIVIL|
1.0|131520.0|5.0|3.0|VENTAQUEMADA|4620|COMERCIO AL POR MAYOR DE MATERIAS PRIMAS AGROPECUARIAS- ANIMALES VIVOS|
1.0|263040.0|1.0|7.0|FIRAVITOBA|0510|EXTRACCION DE HULLA (CARBON DE PIEDRA)|
1.0|0.0|0.0|0.0|BARRANQUILLA|4632|COMERCIO AL POR MAYOR DE BEBIDAS Y TABACO|
1.0|189100.0|0.0|2.0|DUITAMA|0210|SILVICULTURA Y OTRAS ACTIVIDADES FORESTALES|
1.0|427440.0|1.0|13.0|RAQUIRA|4921|TRANSPORTE DE PASAJEROS|
1.0|263040.0|1.0|10.0|SOGAMOSO|2591|FORJA- PRENSADO- ESTAMPADO Y LAMINADO DE METAL- PULVIMETALURGIA|
2.0|854880.0|15.0|17.0|BOYACA|8411|ACTIVIDADES LEGISLATIVAS DE LA ADMINISTRACION PUBLICA|
4.0|2466000.0|3.0|24.0|MONGUA|0510|EXTRACCION DE HULLA (CARBON DE PIEDRA)|
5.0|164400.0|3.0|4.0|SOGAMOSO|0899|EXTRACCION DE OTROS MINERALES NO METALICOS NCP|
2.0|295920.0|1.0|11.0|PUERTO BOYACA|3700|EVACUACION Y TRATAMIENTO DE AGUAS RESIDUALES|
3.0|1085040.0|5.0|30.0|NOBSA|9609|OTRAS ACTIVIDADES DE SERVICIOS PERSONALES NCP|
1.0|4307280.0|22.0|174.0|TIBASOSA|5224|MANIPULACION DE CARGA|
1.0|361680.0|2.0|7.0|COTA|8412|ACTIVIDADES EJECUTIVAS DE LA ADMINISTRACION PUBLICA|
3.0|98640.0|2.0|5.0|MONIQUIRA|6820|ACTIVIDADES INMOBILIARIAS REALIZADAS A CAMBIO DE UNA RETRIBUCION O POR CONTRATA|
1.0|0.0|13.0|1.0|YOPAL|8413|REGULACION DE LAS ACTIVIDADES DE ORGANISMOS QUE PRESTAN SERVICIOS DE SALUD- EDUCATIVOS- CULTURALES Y OTROS SERVICIOS SOCIALES- EXCEPTO SERVICIOS DE SEGURIDAD SOCIAL|
1.0|0.0|0.0|1.0|TUNJA|8130|ACTIVIDADES DE PAISAJISMO Y SERVICIOS DE MANTENIMIENTO CONEXOS|
1.0|32880.0|0.0|1.0|SANTAFE DE BOGOTA|3822|TRATAMIENTO Y DISPOSICION DE DESECHOS PELIGROSOS|
1.0|32880.0|0.0|2.0|ITAGUI|3091|FABRICACION DE MOTOCICLETAS|
1.0|32880.0|1.0|1.0|BUSBANZA|6820|ACTIVIDADES INMOBILIARIAS REALIZADAS A CAMBIO DE UNA RETRIBUCION O POR CONTRATA|
1.0|0.0|1.0|0.0|VILLAVICENCIO|9700|ACTIVIDADES DE LOS HOGARES INDIVIDUALES COMO EMPLEADORES DE PERSONAL DOMESTICO|
2.0|0.0|2.0|4.0|DUITAMA|0081|PERSONAS NATURALES SIN ACTIVIDAD ECONOMICA|
1.0|65760.0|1.0|2.0|FACATATIVA|5221|ACTIVIDADES DE ESTACIONES- VIAS Y SERVICIOS COMPLEMENTARIOS PARA EL TRANSPORTE TERRESTRE|
1.0|98640.0|0.0|21.0|IBAGUE|4290|CONSTRUCCION DE OTRAS OBRAS DE INGENIERIA CIVIL|
1.0|32880.0|4.0|0.0|MEDELLIN|4641|COMERCIO AL POR MAYOR DE PRODUCTOS TEXTILES- PRODUCTOS CONFECCIONADOS PARA USO DOMESTICO|
2.0|32880.0|1.0|2.0|TUNJA|5911|ACTIVIDADES DE PRODUCCION DE PELICULAS CINEMATOGRAFICAS- VIDEOS- PROGRAMAS- ANUNCIOS Y COMERCIALES DE TELEVISION|
1.0|131520.0|2.0|2.0|OIBA|4731|COMERCIO AL POR MENOR DE COMBUSTIBLE PARA AUTOMOTORES|
1.0|65760.0|1.0|0.0|SOLEDAD|1702|FABRICACION DE PAPEL Y CARTON ONDULADO (CORRUGADO)- FABRICACION DE ENVASES- EMPAQUES Y DE EMBALAJES DE PAPEL Y CARTON|
1.0|0.0|1.0|1.0|GARAGOA|4754|COMERCIO AL POR MENOR DE ELECTRODOMESTICOS Y GASODOMESTICOS DE USO DOMESTICO- MUEBLES Y EQUIPOS DE ILUMINACION|
1.0|0.0|0.0|1.0|MOTAVITA|4722|COMERCIO AL POR MENOR DE LECHE- PRODUCTOS LACTEOS Y HUEVOS- EN ESTABLECIMIENTOS ESPECIALIZADOS|
1.0|0.0|0.0|1.0|SOGAMOSO|2712|FABRICACION DE APARATOS DE DISTRIBUCION Y CONTROL DE LA ENERGIA ELECTRICA|
1.0|131520.0|2.0|1.0|VILLA DE LEYVA|4520|MANTENIMIENTO Y REPARACION DE VEHICULOS AUTOMOTORES|
1.0|131520.0|0.0|9.0|PUERTO BOYACA|9511|MANTENIMIENTO Y REPARACION DE COMPUTADORES Y DE EQUIPO PERIFERICO|
1.0|0.0|2.0|0.0|PUERTO BOYACA|6512|SEGUROS DE VIDA|
2.0|0.0|0.0|9.0|SACHICA|4111|CONSTRUCCION DE EDIFICIOS RESIDENCIALES|
2.0|65760.0|1.0|1.0|GUATEQUE|4752|COMERCIO AL POR MENOR DE ARTICULOS DE FERRETERIA- PINTURAS Y PRODUCTOS DE VIDRIO EN ESTABLECIMIENTOS ESPECIALIZADOS|
1.0|131520.0|3.0|1.0|SAMACA|9200|ACTIVIDADES DE JUEGOS DE AZAR Y APUESTAS|
1.0|0.0|0.0|1.0|AQUITANIA|4732|COMERCIO AL POR MENOR DE LUBRICANTES (ACEITES- GRASAS)- ADITIVOS Y PRODUCTOS DE LIMPIEZA PARA VEHICULOS AUTOMOTORES|
1.0|197280.0|0.0|14.0|SABANETA|2310|FABRICACION DE VIDRIO Y PRODUCTOS DE VIDRIO|
1.0|32880.0|0.0|2.0|NEIVA|7110|ACTIVIDADES DE ARQUITECTURA E INGENIERIA Y OTRAS ACTIVIDADES CONEXAS DE CONSULTORIA TECNICA|
2.0|0.0|0.0|2.0|RAQUIRA|9700|ACTIVIDADES DE LOS HOGARES INDIVIDUALES COMO EMPLEADORES DE PERSONAL DOMESTICO|
1.0|32880.0|1.0|0.0|CHIQUINQUIRA|1051|ELABORACION DE PRODUCTOS DE MOLINERIA|
1.0|394560.0|1.0|7.0|SAN MIGUEL DE SEMA|3600|CAPTACION- TRATAMIENTO Y DISTRIBUCION DE AGUA|
2.0|32880.0|1.0|2.0|TUNJA|1104|ELABORACION DE BEBIDAS NO ALCOHOLICAS- PRODUCCION DE AGUAS MINERALES Y DE OTRAS AGUAS EMBOTELLADAS|
1.0|0.0|1.0|0.0|COMBITA|4530|COMERCIO DE PARTES- PIEZAS (AUTOPARTES) Y ACCESORIOS (LUJOS) PARA VEHICULOS AUTOMOTORES|
1.0|131520.0|3.0|1.0|TIBASOSA|1102|ELABORACION DE BEBIDAS FERMENTADAS NO DESTILADAS|
1.0|32880.0|1.0|1.0|SOTAQUIRA|4620|COMERCIO AL POR MAYOR DE MATERIAS PRIMAS AGROPECUARIAS- ANIMALES VIVOS|
1.0|32880.0|0.0|2.0|SUTATENZA|4290|CONSTRUCCION DE OTRAS OBRAS DE INGENIERIA CIVIL|
1.0|32880.0|0.0|8.0|FUNZA|3312|MANTENIMIENTO Y REPARACION ESPECIALIZADO DE MAQUINARIA Y EQUIPO|
1.0|131520.0|3.0|0.0|SANTAFE DE BOGOTA|9603|POMPAS FUNEBRES Y ACTIVIDADES RELACIONADAS|
1.0|0.0|1.0|0.0|GARAGOA|8512|EDUCACION PREESCOLAR|
1.0|0.0|0.0|1.0|BELEN|0143|CRIA DE OVEJAS Y CABRAS|
1.0|0.0|0.0|3.0|CUBARA|4220|CONSTRUCCION DE PROYECTOS DE SERVICIO PUBLICO|
1.0|131520.0|21.0|7.0|AQUITANIA|8610|ACTIVIDADES DE HOSPITALES Y CLINICAS- CON INTERNACION|
1.0|230160.0|5.0|1.0|FUNZA|2219|FABRICACION DE FORMAS BASICAS DE CAUCHO Y OTROS PRODUCTOS DE CAUCHO NCP|
1.0|0.0|1.0|1.0|MEDELLIN|9491|ACTIVIDADES DE ASOCIACIONES RELIGIOSAS|
1.0|131520.0|0.0|7.0|DUITAMA|9007|ACTIVIDADES DE ESPECTACULOS MUSICALES EN VIVO|
1.0|0.0|4.0|0.0|SAMACA|4732|COMERCIO AL POR MENOR DE LUBRICANTES (ACEITES- GRASAS)- ADITIVOS Y PRODUCTOS DE LIMPIEZA PARA VEHICULOS AUTOMOTORES|
1.0|328800.0|0.0|8.0|SAMACA|0322|ACUICULTURA DE AGUA DULCE|
1.0|0.0|0.0|0.0|SANTA MARIA|4663|COMERCIO AL POR MAYOR DE MATERIALES DE CONSTRUCCION- ARTICULOS DE FERRETERIA- PINTURAS- PRODUCTOS DE VIDRIO- EQUIPO Y MATERIALES DE FONTANERIA Y CALEFACCION|
1.0|164400.0|6.0|7.0|BELEN|8610|ACTIVIDADES DE HOSPITALES Y CLINICAS- CON INTERNACION|
2.0|131520.0|0.0|5.0|SANTA ROSA DE VITERBO|4520|MANTENIMIENTO Y REPARACION DE VEHICULOS AUTOMOTORES|
1.0|98640.0|1.0|1.0|NOBSA|4719|COMERCIO AL POR MENOR EN ESTABLECIMIENTOS NO ESPECIALIZADOS- CON SURTIDO COMPUESTO PRINCIPALMENTE POR PRODUCTOS DIFERENTES DE ALIMENTOS (VIVERES EN GENERAL)- BEBIDAS Y TABACO|
1.0|32880.0|1.0|0.0|TOCA|5611|EXPENDIO A LA MESA DE COMIDAS PREPARADAS|
1.0|263040.0|2.0|4.0|RAMIRIQUI|1040|ELABORACION DE PRODUCTOS LACTEOS|
1.0|32880.0|0.0|1.0|SOCOTA|7110|ACTIVIDADES DE ARQUITECTURA E INGENIERIA Y OTRAS ACTIVIDADES CONEXAS DE CONSULTORIA TECNICA|
1.0|65760.0|0.0|0.0|SACHICA|4210|CONSTRUCCION DE CARRETERAS Y VIAS DE FERROCARRIL|
1.0|0.0|0.0|3.0|TUTAZA|4290|CONSTRUCCION DE OTRAS OBRAS DE INGENIERIA CIVIL|
1.0|164400.0|1.0|4.0|SAN JOSE DE PARE|3700|EVACUACION Y TRATAMIENTO DE AGUAS RESIDUALES|
1.0|230160.0|9.0|1.0|SABANETA|2100|FABRICACION DE PRODUCTOS FARMACEUTICOS- SUSTANCIAS QUIMICAS MEDICINALES Y PRODUCTOS BOTANICOS DE USO FARMACEUTICO|
1.0|0.0|0.0|2.0|DUITAMA|0119|OTROS CULTIVOS TRANSITORIOS NCP|
1.0|624720.0|10.0|5.0|DUITAMA|1392|CONFECCION DE ARTICULOS CON MATERIALES TEXTILES- EXCEPTO PRENDAS DE VESTIR|
1.0|65760.0|1.0|2.0|TUNJA|5519|OTROS TIPOS DE ALOJAMIENTOS PARA VISITANTES|
1.0|197280.0|6.0|7.0|GUACAMAYAS|8411|ACTIVIDADES LEGISLATIVAS DE LA ADMINISTRACION PUBLICA|
1.0|591840.0|13.0|20.0|TINJACA|8411|ACTIVIDADES LEGISLATIVAS DE LA ADMINISTRACION PUBLICA|
1.0|0.0|0.0|1.0|MONIQUIRA|9491|ACTIVIDADES DE ASOCIACIONES RELIGIOSAS|
1.0|0.0|2.0|3.0|PAIPA|5320|ACTIVIDADES DE MENSAJERIA|
1.0|0.0|0.0|0.0|FIRAVITOBA|0811|EXTRACCION DE PIEDRA- ARENA- ARCILLAS COMUNES- YESO Y ANHIDRITA|
1.0|0.0|0.0|1.0|PAIPA|0240|SERVICIOS DE APOYO A LA SILVICULTURA|
1.0|0.0|0.0|0.0|PAEZ|0811|EXTRACCION DE PIEDRA- ARENA- ARCILLAS COMUNES- YESO Y ANHIDRITA|
1.0|0.0|0.0|1.0|TENJO|2599|FABRICACION DE OTROS PRODUCTOS ELABORADOS DE METAL NCP|
1.0|0.0|0.0|0.0|SAMACA|8423|ORDEN PUBLICO Y ACTIVIDADES DE SEGURIDAD|
1.0|0.0|1.0|0.0|PEREIRA|4652|COMERCIO AL POR MAYOR DE EQUIPO- PARTES Y PIEZAS ELECTRONICOS Y DE TELECOMUNICACIONES|
1.0|32880.0|0.0|1.0|MIRAFLORES|4520|MANTENIMIENTO Y REPARACION DE VEHICULOS AUTOMOTORES|
1.0|0.0|1.0|0.0|COMBITA|0145|CRIA DE AVES DE CORRAL|
1.0|0.0|0.0|2.0|VILLA DE LEYVA|4664|COMERCIO AL POR MAYOR DE PRODUCTOS QUIMICOS BASICOS- CAUCHOS Y PLASTICOS EN FORMAS PRIMARIAS Y PRODUCTOS QUIMICOS DE USO AGROPECUARIO|
1.0|0.0|0.0|5.0|DUITAMA|1012|PROCESAMIENTO Y CONSERVACION DE PESCADOS- CRUSTACEOS Y MOLUSCOS|
1.0|0.0|2.0|0.0|SOGAMOSO|3290|OTRAS INDUSTRIAS MANUFACTURERAS NCP|
1.0|0.0|0.0|1.0|SANTAFE DE BOGOTA|2421|INDUSTRIAS BASICAS DE METALES PRECIOSOS|
1.0|0.0|0.0|1.0|SANTA SOFIA|5512|ALOJAMIENTO EN APARTAHOTELES|
1.0|98640.0|1.0|2.0|SAN JOSE DE PARE|1072|ELABORACION DE PANELA|
1.0|723360.0|11.0|16.0|JERICO|8411|ACTIVIDADES LEGISLATIVAS DE LA ADMINISTRACION PUBLICA|
1.0|0.0|2.0|0.0|CALI|5224|MANIPULACION DE CARGA|
1.0|0.0|0.0|2.0|BELEN|9491|ACTIVIDADES DE ASOCIACIONES RELIGIOSAS|
1.0|164400.0|11.0|3.0|SOGAMOSO|8710|ACTIVIDADES DE ATENCION RESIDENCIAL MEDICALIZADA DE TIPO GENERAL|
3.0|197280.0|2.0|11.0|DUITAMA|4653|COMERCIO AL POR MAYOR DE MAQUINARIA Y EQUIPO AGROPECUARIOS|
1.0|624720.0|1.0|9.0|TUNJA|3513|DISTRIBUCION DE ENERGIA ELECTRICA|
1.0|32880.0|0.0|3.0|SANTA ROSA DE VITERBO|2394|FABRICACION DE CEMENTO- CAL Y YESO|
1.0|32880.0|0.0|5.0|ZETAQUIRA|4921|TRANSPORTE DE PASAJEROS|
1.0|226920.0|2.0|4.0|NOBSA|0143|CRIA DE OVEJAS Y CABRAS|
1.0|0.0|2.0|3.0|MEDELLIN|6311|PROCESAMIENTO DE DATOS- ALOJAMIENTO (HOSTING) Y ACTIVIDADES RELACIONADAS|
1.0|0.0|0.0|0.0|FORTUL|4112|CONSTRUCCION DE EDIFICIOS NO RESIDENCIALES|
1.0|0.0|0.0|0.0|PUERTO BOYACA|4112|CONSTRUCCION DE EDIFICIOS NO RESIDENCIALES|
1.0|0.0|6.0|0.0|RAQUIRA|8890|OTRAS ACTIVIDADES DE ASISTENCIA SOCIAL SIN ALOJAMIENTO|
1.0|2498880.0|13.0|3.0|BUCARAMANGA|9499|ACTIVIDADES DE OTRAS ASOCIACIONES NCP|
1.0|32880.0|1.0|0.0|DUITAMA|1399|FABRICACION DE OTROS ARTICULOS TEXTILES NCP|
1.0|131520.0|0.0|3.0|SUTATENZA|9499|ACTIVIDADES DE OTRAS ASOCIACIONES NCP|
1.0|65760.0|0.0|2.0|DUITAMA|2399|FABRICACION DE OTROS PRODUCTOS MINERALES NO METALICOS NCP|
1.0|164400.0|2.0|1.0|SANTAFE DE BOGOTA|4312|PREPARACION DEL TERRENO|
1.0|264740.0|0.0|7.0|MANIZALES|0123|CULTIVO DE CAFE|
1.0|32880.0|5.0|0.0|SANTAFE DE BOGOTA|1511|CURTIDO Y RECURTIDO DE CUEROS- RECURTIDO Y TEÑDO DE PIELES|
1.0|0.0|0.0|1.0|SANTA ROSA DE VITERBO|0150|EXPLOTACION MIXTA (AGRICOLA Y PECUARIA)|
1.0|164400.0|7.0|12.0|EL ESPINO|8411|ACTIVIDADES LEGISLATIVAS DE LA ADMINISTRACION PUBLICA|
1.0|98640.0|2.0|0.0|BOYACA|9491|ACTIVIDADES DE ASOCIACIONES RELIGIOSAS|
1.0|197280.0|2.0|13.0|SANTA MARIA|2511|FABRICACION DE PRODUCTOS METALICOS PARA USO ESTRUCTURAL|
1.0|65760.0|0.0|6.0|SINCELEJO|7820|ACTIVIDADES DE AGENCIAS DE EMPLEO TEMPORAL|
1.0|0.0|2.0|0.0|OTANCHE|4921|TRANSPORTE DE PASAJEROS|
1.0|0.0|0.0|0.0|PUERTO BOYACA|2512|FABRICACION DE TANQUES- DEPOSITOS Y RECIPIENTES DE METAL- EXCEPTO LOS UTILIZADOS PARA EL ENVASE O TRANSPORTE DE MERCANCIAS|
1.0|0.0|0.0|12.0|CHIQUINQUIRA|0144|CRIA DE GANADO PORCINO|
1.0|65760.0|0.0|1.0|COTA|2022|FABRICACION DE PINTURAS- BARNICES Y REVESTIMIENTOS SIMILARES- TINTAS PARA IMPRESION Y MASILLAS|
18.0|1841280.0|30.0|53.0|SANTAFE DE BOGOTA|2100|FABRICACION DE PRODUCTOS FARMACEUTICOS- SUSTANCIAS QUIMICAS MEDICINALES Y PRODUCTOS BOTANICOS DE USO FARMACEUTICO|
3.0|98640.0|0.0|1.0|MIRAFLORES|7110|ACTIVIDADES DE ARQUITECTURA E INGENIERIA Y OTRAS ACTIVIDADES CONEXAS DE CONSULTORIA TECNICA|
7.0|854880.0|42.0|9.0|SOGAMOSO|8512|EDUCACION PREESCOLAR|
2.0|113460.0|1.0|3.0|COMBITA|0143|CRIA DE OVEJAS Y CABRAS|
1.0|0.0|0.0|2.0|PACHAVITA|4754|COMERCIO AL POR MENOR DE ELECTRODOMESTICOS Y GASODOMESTICOS DE USO DOMESTICO- MUEBLES Y EQUIPOS DE ILUMINACION|
13.0|263040.0|12.0|0.0|TIBASOSA|9700|ACTIVIDADES DE LOS HOGARES INDIVIDUALES COMO EMPLEADORES DE PERSONAL DOMESTICO|
1.0|427440.0|9.0|7.0|CORRALES|8412|ACTIVIDADES EJECUTIVAS DE LA ADMINISTRACION PUBLICA|
3.0|920640.0|13.0|17.0|CHIVATA|8411|ACTIVIDADES LEGISLATIVAS DE LA ADMINISTRACION PUBLICA|
4.0|526080.0|3.0|24.0|MONIQUIRA|4731|COMERCIO AL POR MENOR DE COMBUSTIBLE PARA AUTOMOTORES|
10.0|526080.0|5.0|24.0|SOGAMOSO|3110|FABRICACION DE MUEBLES|
2.0|75640.0|0.0|1.0|GUATEQUE|0144|CRIA DE GANADO PORCINO|
4.0|0.0|0.0|1.0|MONIQUIRA|4111|CONSTRUCCION DE EDIFICIOS RESIDENCIALES|
2.0|230160.0|9.0|1.0|MONIQUIRA|4773|COMERCIO AL POR MENOR DE PRODUCTOS FARMACEUTICOS Y MEDICINALES- COSMETICOS Y ARTICULOS DE TOCADOR EN ESTABLECIMIENTOS ESPECIALIZADOS|
5.0|1117920.0|20.0|19.0|SOGAMOSO|7310|PUBLICIDAD|
1.0|0.0|1.0|0.0|SANTA MARIA|9700|ACTIVIDADES DE LOS HOGARES INDIVIDUALES COMO EMPLEADORES DE PERSONAL DOMESTICO|
1.0|32880.0|3.0|0.0|TURMEQUE|4773|COMERCIO AL POR MENOR DE PRODUCTOS FARMACEUTICOS Y MEDICINALES- COSMETICOS Y ARTICULOS DE TOCADOR EN ESTABLECIMIENTOS ESPECIALIZADOS|
1.0|0.0|0.0|2.0|SUSA|4923|TRANSPORTE DE CARGA POR CARRETERA|
9.0|1315200.0|11.0|53.0|PUERTO BOYACA|6810|ACTIVIDADES INMOBILIARIAS REALIZADAS CON BIENES PROPIOS O ARRENDADOS|
2.0|98640.0|14.0|10.0|TUNJA|8414|ACTIVIDADES REGULADORAS Y FACILITADORAS DE LA ACTIVIDAD ECONOMICA|
3.0|98640.0|0.0|3.0|DUITAMA|9529|MANTENIMIENTO Y REPARACION DE OTROS EFECTOS PERSONALES Y ENSERES DOMESTICOS|
5.0|32485440.0|243.0|594.0|SANTAFE DE BOGOTA|9609|OTRAS ACTIVIDADES DE SERVICIOS PERSONALES NCP|
12.0|953520.0|27.0|17.0|SOGAMOSO|6820|ACTIVIDADES INMOBILIARIAS REALIZADAS A CAMBIO DE UNA RETRIBUCION O POR CONTRATA|
5.0|113460.0|0.0|6.0|PAIPA|0161|ACTIVIDADES DE APOYO A LA AGRICULTURA|
16.0|1709760.0|10.0|74.0|DUITAMA|4330|TERMINACION Y ACABADO DE EDIFICIOS Y OBRAS DE INGENIERIA CIVIL|
2.0|1216560.0|29.0|2.0|DUITAMA|5629|ACTIVIDADES DE OTROS SERVICIOS DE COMIDAS|
1.0|0.0|1.0|1.0|SOGAMOSO|3120|FABRICACION DE COLCHONES Y SOMIERES|
1.0|0.0|1.0|0.0|TUNJA|1030|ELABORACION DE ACEITES Y GRASAS DE ORIGEN VEGETAL Y ANIMAL|
1.0|0.0|0.0|0.0|PUERTO BOYACA|3511|GENERACION DE ENERGIA ELECTRICA|
3.0|131520.0|1.0|7.0|DUITAMA|3830|RECUPERACION DE MATERIALES|
1.0|75640.0|1.0|2.0|PAIPA|0129|OTROS CULTIVOS PERMANENTES NCP|
5.0|131520.0|5.0|6.0|SANTAFE DE BOGOTA|2012|FABRICACION DE ABONOS Y COMPUESTOS INORGANICOS NITROGENADOS|
27.0|1841280.0|48.0|39.0|SOGAMOSO|4754|COMERCIO AL POR MENOR DE ELECTRODOMESTICOS Y GASODOMESTICOS DE USO DOMESTICO- MUEBLES Y EQUIPOS DE ILUMINACION|
1.0|295920.0|0.0|7.0|MEDELLIN|5229|OTRAS ACTIVIDADES COMPLEMENTARIAS AL TRANSPORTE|
7.0|493200.0|16.0|10.0|CHIQUINQUIRA|4773|COMERCIO AL POR MENOR DE PRODUCTOS FARMACEUTICOS Y MEDICINALES- COSMETICOS Y ARTICULOS DE TOCADOR EN ESTABLECIMIENTOS ESPECIALIZADOS|
1.0|0.0|0.0|1.0|MEDELLIN|8220|ACTIVIDADES DE CENTROS DE LLAMADAS (CALL CENTER)|
1.0|164400.0|1.0|3.0|LEIVA|7110|ACTIVIDADES DE ARQUITECTURA E INGENIERIA Y OTRAS ACTIVIDADES CONEXAS DE CONSULTORIA TECNICA|
9.0|1775520.0|10.0|69.0|SOGAMOSO|4390|OTRAS ACTIVIDADES ESPECIALIZADAS PARA LA CONSTRUCCION DE EDIFICIOS Y OBRAS DE INGENIERIA CIVIL|
11.0|1512480.0|14.0|24.0|SOGAMOSO|4723|COMERCIO AL POR MENOR DE CARNES (INCLUYE AVES DE CORRAL)- PRODUCTOS CARNICOS- PESCADOS Y PRODUCTOS DE MAR- EN ESTABLECIMIENTOS ESPECIALIZADOS|
3.0|230160.0|2.0|18.0|PUERTO BOYACA|2511|FABRICACION DE PRODUCTOS METALICOS PARA USO ESTRUCTURAL|
2.0|0.0|0.0|2.0|SANTA SOFIA|0113|CULTIVO DE HORTALIZAS- RAICES Y TUBERCULOS|
15.0|945500.0|16.0|45.0|SANTAFE DE BOGOTA|0161|ACTIVIDADES DE APOYO A LA AGRICULTURA|
11.0|6543120.0|358.0|358.0|SANTAFE DE BOGOTA|8220|ACTIVIDADES DE CENTROS DE LLAMADAS (CALL CENTER)|
1.0|32880.0|1.0|0.0|PESCA|4731|COMERCIO AL POR MENOR DE COMBUSTIBLE PARA AUTOMOTORES|
2.0|131520.0|0.0|8.0|DUITAMA|7729|ALQUILER Y ARRENDAMIENTO DE OTROS EFECTOS PERSONALES Y ENSERES DOMESTICOS NCP|
1.0|0.0|1.0|0.0|BRICENO|9499|ACTIVIDADES DE OTRAS ASOCIACIONES NCP|
1.0|0.0|3.0|8.0|VENTAQUEMADA|4631|COMERCIO AL POR MAYOR DE PRODUCTOS ALIMENTICIOS|
5.0|65760.0|7.0|6.0|SOGAMOSO|7500|ACTIVIDADES VETERINARIAS|
1.0|197280.0|4.0|4.0|TASCO|8610|ACTIVIDADES DE HOSPITALES Y CLINICAS- CON INTERNACION|
1.0|0.0|0.0|0.0|ARCABUCO|8423|ORDEN PUBLICO Y ACTIVIDADES DE SEGURIDAD|
1.0|0.0|0.0|3.0|SOGAMOSO|3821|TRATAMIENTO Y DISPOSICION DE DESECHOS NO PELIGROSOS|
5.0|460320.0|11.0|17.0|DUITAMA|4759|COMERCIO AL POR MENOR DE OTROS ARTICULOS DOMESTICOS EN ESTABLECIMIENTOS ESPECIALIZADOS|
5.0|1323700.0|2.0|48.0|PUERTO BOYACA|0161|ACTIVIDADES DE APOYO A LA AGRICULTURA|
1.0|197280.0|9.0|2.0|SOTAQUIRA|5511|ALOJAMIENTO EN HOTELES|
1.0|657600.0|21.0|16.0|PAIPA|8610|ACTIVIDADES DE HOSPITALES Y CLINICAS- CON INTERNACION|
1.0|65760.0|6.0|2.0|VENTAQUEMADA|4731|COMERCIO AL POR MENOR DE COMBUSTIBLE PARA AUTOMOTORES|
6.0|1808400.0|30.0|46.0|BELEN|1040|ELABORACION DE PRODUCTOS LACTEOS|
5.0|2231380.0|10.0|46.0|SANTAFE DE BOGOTA|0129|OTROS CULTIVOS PERMANENTES NCP|
2.0|230160.0|0.0|7.0|SIACHOQUE|4664|COMERCIO AL POR MAYOR DE PRODUCTOS QUIMICOS BASICOS- CAUCHOS Y PLASTICOS EN FORMAS PRIMARIAS Y PRODUCTOS QUIMICOS DE USO AGROPECUARIO|
6.0|164400.0|4.0|13.0|CHIQUINQUIRA|4799|OTROS TIPOS DE COMERCIO AL POR MENOR NO REALIZADO EN ESTABLECIMIENTOS- PUESTOS DE VENTA O MERCADOS|
4.0|189100.0|4.0|7.0|SOGAMOSO|0150|EXPLOTACION MIXTA (AGRICOLA Y PECUARIA)|
1.0|1874160.0|10.0|164.0|SANTAFE DE BOGOTA|2592|TRATAMIENTO Y REVESTIMIENTO DE METALES- MECANIZADO|
1.0|591840.0|11.0|6.0|RAQUIRA|9491|ACTIVIDADES DE ASOCIACIONES RELIGIOSAS|
3.0|15453600.0|93.0|760.0|TUNJA|2592|TRATAMIENTO Y REVESTIMIENTO DE METALES- MECANIZADO|
1.0|32880.0|1.0|1.0|BRICENO|8412|ACTIVIDADES EJECUTIVAS DE LA ADMINISTRACION PUBLICA|
2.0|131520.0|2.0|0.0|TUTA|8513|EDUCACION BASICA PRIMARIA|
2.0|98640.0|3.0|9.0|SOGAMOSO|2790|FABRICACION DE OTROS TIPOS DE EQUIPO ELECTRICO NCP|
2.0|98640.0|2.0|6.0|TUNJA|2591|FORJA- PRENSADO- ESTAMPADO Y LAMINADO DE METAL- PULVIMETALURGIA|
1.0|65760.0|0.0|2.0|RAMIRIQUI|4322|INSTALACIONES DE FONTANERIA- CALEFACCION Y AIRE ACONDICIONADO|
8.0|1644000.0|12.0|31.0|DUITAMA|4722|COMERCIO AL POR MENOR DE LECHE- PRODUCTOS LACTEOS Y HUEVOS- EN ESTABLECIMIENTOS ESPECIALIZADOS|
1.0|65760.0|1.0|0.0|BELEN|4723|COMERCIO AL POR MENOR DE CARNES (INCLUYE AVES DE CORRAL)- PRODUCTOS CARNICOS- PESCADOS Y PRODUCTOS DE MAR- EN ESTABLECIMIENTOS ESPECIALIZADOS|
1.0|0.0|0.0|0.0|AQUITANIA|5511|ALOJAMIENTO EN HOTELES|
4.0|2071440.0|58.0|30.0|DUITAMA|8430|ACTIVIDADES DE PLANES DE SEGURIDAD SOCIAL DE AFILIACION OBLIGATORIA|
2.0|151280.0|2.0|7.0|CHIA|0141|CRIA DE GANADO BOVINO Y BUFALINO|
4.0|32880.0|2.0|9.0|MONIQUIRA|4923|TRANSPORTE DE CARGA POR CARRETERA|
1.0|32880.0|1.0|0.0|COTA|4645|COMERCIO AL POR MAYOR DE PRODUCTOS FARMACEUTICOS- MEDICINALES- COSMETICOS Y DE TOCADOR|
1.0|32880.0|0.0|1.0|SORACA|8010|ACTIVIDADES DE SEGURIDAD PRIVADA|
1.0|65760.0|0.0|0.0|FLORIDA|4290|CONSTRUCCION DE OTRAS OBRAS DE INGENIERIA CIVIL|
1.0|0.0|0.0|0.0|SARAVENA|7110|ACTIVIDADES DE ARQUITECTURA E INGENIERIA Y OTRAS ACTIVIDADES CONEXAS DE CONSULTORIA TECNICA|
1.0|0.0|1.0|1.0|MONGUI|5514|ALOJAMIENTO RURAL|
2.0|295920.0|9.0|0.0|DUITAMA|8129|OTRAS ACTIVIDADES DE LIMPIEZA DE EDIFICIOS E INSTALACIONES INDUSTRIALES|
1.0|0.0|1.0|0.0|SORACA|8890|OTRAS ACTIVIDADES DE ASISTENCIA SOCIAL SIN ALOJAMIENTO|
3.0|1479600.0|20.0|27.0|VENTAQUEMADA|8411|ACTIVIDADES LEGISLATIVAS DE LA ADMINISTRACION PUBLICA|
1.0|263040.0|9.0|4.0|PAEZ|8610|ACTIVIDADES DE HOSPITALES Y CLINICAS- CON INTERNACION|
1.0|65760.0|1.0|2.0|MONIQUIRA|6010|ACTIVIDADES DE PROGRAMACION Y TRANSMISION EN EL SERVICIO DE RADIODIFUSION SONORA|
5.0|7167840.0|195.0|80.0|TUNJA|6421|ACTIVIDADES DE LAS CORPORACIONES FINANCIERAS|
1.0|32880.0|0.0|2.0|SAMACA|3312|MANTENIMIENTO Y REPARACION ESPECIALIZADO DE MAQUINARIA Y EQUIPO|
2.0|164400.0|4.0|3.0|VILLA DE LEYVA|5514|ALOJAMIENTO RURAL|
2.0|0.0|2.0|1.0|TINJACA|6810|ACTIVIDADES INMOBILIARIAS REALIZADAS CON BIENES PROPIOS O ARRENDADOS|
4.0|832040.0|7.0|8.0|TUTA|0141|CRIA DE GANADO BOVINO Y BUFALINO|
1.0|0.0|2.0|0.0|SAN EDUARDO|8412|ACTIVIDADES EJECUTIVAS DE LA ADMINISTRACION PUBLICA|
2.0|1853180.0|2.0|58.0|PAZ DEL RIO|0220|EXTRACCION DE MADERA|
1.0|98640.0|5.0|1.0|SANTAFE DE BOGOTA|5590|OTROS TIPOS DE ALOJAMIENTO NCP|
4.0|427440.0|29.0|8.0|PUERTO BOYACA|4771|COMERCIO AL POR MENOR DE PRENDAS DE VESTIR Y SUS ACCESORIOS (INCLUYE ARTICULOS DE PIEL) EN ESTABLECIMIENTOS ESPECIALIZADOS|
1.0|0.0|0.0|0.0|SAMACA|5613|EXPENDIO DE COMIDAS PREPARADAS EN CAFETERIAS|
1.0|98640.0|0.0|1.0|ZETAQUIRA|7990|OTROS SERVICIOS DE RESERVA Y ACTIVIDADES RELACIONADAS|
1.0|0.0|0.0|0.0|SOCHA|5611|EXPENDIO A LA MESA DE COMIDAS PREPARADAS|
1.0|0.0|1.0|0.0|CHINAVITA|4731|COMERCIO AL POR MENOR DE COMBUSTIBLE PARA AUTOMOTORES|
1.0|32880.0|2.0|1.0|GARAGOA|5310|ACTIVIDADES POSTALES NACIONALES|
3.0|32880.0|1.0|12.0|PAIPA|4330|TERMINACION Y ACABADO DE EDIFICIOS Y OBRAS DE INGENIERIA CIVIL|
1.0|131520.0|1.0|1.0|CALI|7020|ACTIVIDADES DE CONSULTARIA DE GESTION|
3.0|98640.0|1.0|2.0|COTA|4530|COMERCIO DE PARTES- PIEZAS (AUTOPARTES) Y ACCESORIOS (LUJOS) PARA VEHICULOS AUTOMOTORES|
1.0|131520.0|1.0|1.0|VENTAQUEMADA|5210|ALMACENAMIENTO Y DEPOSITO|
1.0|263040.0|0.0|5.0|SAMACA|4792|COMERCIO AL POR MENOR REALIZADO A TRAVES DE CASAS DE VENTA O POR CORREO|
2.0|65760.0|4.0|2.0|CAMPOHERMOSO|8411|ACTIVIDADES LEGISLATIVAS DE LA ADMINISTRACION PUBLICA|
1.0|526080.0|0.0|11.0|OTANCHE|4210|CONSTRUCCION DE CARRETERAS Y VIAS DE FERROCARRIL|
2.0|3057840.0|6.0|118.0|RAMIRIQUI|4921|TRANSPORTE DE PASAJEROS|
1.0|98640.0|1.0|2.0|EL COCUY|4731|COMERCIO AL POR MENOR DE COMBUSTIBLE PARA AUTOMOTORES|
1.0|756240.0|21.0|2.0|DUITAMA|6613|OTRAS ACTIVIDADES RELACIONADAS CON EL MERCADO DE VALORES|
1.0|131520.0|0.0|2.0|TURMEQUE|9603|POMPAS FUNEBRES Y ACTIVIDADES RELACIONADAS|
1.0|0.0|0.0|0.0|SOGAMOSO|7220|INVESTIGACIONES Y DESARROLLO EXPERIMENTAL EN EL CAMPO DE LAS CIENCIAS SOCIALES Y LAS HUMANIDADES|
3.0|4011360.0|118.0|53.0|SANTAFE DE BOGOTA|4771|COMERCIO AL POR MENOR DE PRENDAS DE VESTIR Y SUS ACCESORIOS (INCLUYE ARTICULOS DE PIEL) EN ESTABLECIMIENTOS ESPECIALIZADOS|
1.0|230160.0|8.0|2.0|OICATA|8699|OTRAS ACTIVIDADES DE ATENCION DE LA SALUD HUMANA|
1.0|230160.0|2.0|5.0|PAIPA|3313|MANTENIMIENTO Y REPARACION ESPECIALIZADO DE EQUIPO ELECTRONICO Y OPTICO|
4.0|131520.0|10.0|13.0|SOGAMOSO|9609|OTRAS ACTIVIDADES DE SERVICIOS PERSONALES NCP|
1.0|98640.0|2.0|8.0|SAN LUIS DE GACENO|4731|COMERCIO AL POR MENOR DE COMBUSTIBLE PARA AUTOMOTORES|
3.0|189100.0|0.0|6.0|MEDELLIN|0141|CRIA DE GANADO BOVINO Y BUFALINO|
1.0|131520.0|0.0|3.0|MOTAVITA|4731|COMERCIO AL POR MENOR DE COMBUSTIBLE PARA AUTOMOTORES|
5.0|460320.0|11.0|2.0|SOGAMOSO|2023|FABRICACION DE JABONES Y DETERGENTES- PREPARADOS PARA LIMPIAR Y PULIR- PERFUMES Y PREPARADOS DE TOCADOR|
3.0|164400.0|2.0|3.0|DUITAMA|5320|ACTIVIDADES DE MENSAJERIA|
1.0|0.0|0.0|0.0|SOCHA|4530|COMERCIO DE PARTES- PIEZAS (AUTOPARTES) Y ACCESORIOS (LUJOS) PARA VEHICULOS AUTOMOTORES|
1.0|65760.0|2.0|0.0|SAN JOSE DE PARE|5613|EXPENDIO DE COMIDAS PREPARADAS EN CAFETERIAS|
1.0|723360.0|0.0|0.0|SOGAMOSO|8560|ACTIVIDADES DE APOYO A LA EDUCACION|
1.0|0.0|0.0|0.0|TIBASOSA|8692|ACTIVIDADES DE APOYO TERAPEUTICO|
2.0|0.0|0.0|2.0|YUMBO|3110|FABRICACION DE MUEBLES|
4.0|230160.0|11.0|6.0|TUNJA|5310|ACTIVIDADES POSTALES NACIONALES|
1.0|0.0|1.0|0.0|SOGAMOSO|7420|ACTIVIDADES DE FOTOGRAFIA|
1.0|98640.0|0.0|1.0|SIACHOQUE|1081|ELABORACION DE PRODUCTOS DE PANADERIA|
1.0|32880.0|1.0|0.0|MIRAFLORES|6202|ACTIVIDADES DE CONSULTORIA INFORMATICA Y ACTIVIDADES DE ADMINISTRACION DE INSTALACIONES INFORMATICAS|
1.0|131520.0|2.0|3.0|PAIPA|4530|COMERCIO DE PARTES- PIEZAS (AUTOPARTES) Y ACCESORIOS (LUJOS) PARA VEHICULOS AUTOMOTORES|
1.0|0.0|1.0|0.0|SANTA MARIA|9499|ACTIVIDADES DE OTRAS ASOCIACIONES NCP|
1.0|32880.0|0.0|1.0|TUNJA|2021|FABRICACION DE PLAGUICIDAS Y OTROS PRODUCTOS QUIMICOS DE USO AGROPECUARIO|
1.0|0.0|1.0|0.0|SUTATENZA|6910|ACTIVIDADES JURIDICAS|
2.0|394560.0|10.0|6.0|CALDAS|8411|ACTIVIDADES LEGISLATIVAS DE LA ADMINISTRACION PUBLICA|
3.0|361680.0|6.0|16.0|CHIQUINQUIRA|4520|MANTENIMIENTO Y REPARACION DE VEHICULOS AUTOMOTORES|
1.0|189100.0|0.0|14.0|SABOYA|0125|CULTIVO DE FLOR DE CORTE|
1.0|32880.0|1.0|0.0|GARAGOA|8413|REGULACION DE LAS ACTIVIDADES DE ORGANISMOS QUE PRESTAN SERVICIOS DE SALUD- EDUCATIVOS- CULTURALES Y OTROS SERVICIOS SOCIALES- EXCEPTO SERVICIOS DE SEGURIDAD SOCIAL|
1.0|0.0|1.0|0.0|TURMEQUE|9491|ACTIVIDADES DE ASOCIACIONES RELIGIOSAS|
1.0|98640.0|1.0|3.0|SANTA MARIA|4731|COMERCIO AL POR MENOR DE COMBUSTIBLE PARA AUTOMOTORES|
1.0|98640.0|1.0|2.0|CHIVATA|8610|ACTIVIDADES DE HOSPITALES Y CLINICAS- CON INTERNACION|
1.0|197280.0|1.0|6.0|SACHICA|3600|CAPTACION- TRATAMIENTO Y DISTRIBUCION DE AGUA|
2.0|264740.0|1.0|8.0|SOGAMOSO|0144|CRIA DE GANADO PORCINO|
1.0|131520.0|0.0|7.0|DUITAMA|0899|EXTRACCION DE OTROS MINERALES NO METALICOS NCP|
1.0|164400.0|5.0|10.0|CAMPOHERMOSO|8413|REGULACION DE LAS ACTIVIDADES DE ORGANISMOS QUE PRESTAN SERVICIOS DE SALUD- EDUCATIVOS- CULTURALES Y OTROS SERVICIOS SOCIALES- EXCEPTO SERVICIOS DE SEGURIDAD SOCIAL|
2.0|624720.0|10.0|12.0|TENZA|8411|ACTIVIDADES LEGISLATIVAS DE LA ADMINISTRACION PUBLICA|
1.0|0.0|0.0|1.0|SANTA ROSA DE VITERBO|6910|ACTIVIDADES JURIDICAS|
2.0|65760.0|0.0|7.0|AQUITANIA|0322|ACUICULTURA DE AGUA DULCE|
1.0|526080.0|0.0|19.0|PAZ DEL RIO|4290|CONSTRUCCION DE OTRAS OBRAS DE INGENIERIA CIVIL|
3.0|0.0|1.0|1.0|TUNJA|8511|EDUCACION DE LA PRIMERA INFANCIA|
3.0|591840.0|3.0|12.0|AQUITANIA|4731|COMERCIO AL POR MENOR DE COMBUSTIBLE PARA AUTOMOTORES|
1.0|65760.0|1.0|0.0|VILLA DE LEYVA|7220|INVESTIGACIONES Y DESARROLLO EXPERIMENTAL EN EL CAMPO DE LAS CIENCIAS SOCIALES Y LAS HUMANIDADES|
2.0|131520.0|6.0|8.0|MONIQUIRA|4721|COMERCIO AL POR MENOR DE PRODUCTOS AGRICOLAS PARA EL CONSUMO EN ESTABLECIMIENTOS ESPECIALIZADOS|
1.0|0.0|0.0|0.0|CHIQUINQUIRA|5513|ALOJAMIENTO EN CENTROS VACACIONALES|
1.0|0.0|0.0|1.0|TUNJA|9007|ACTIVIDADES DE ESPECTACULOS MUSICALES EN VIVO|
1.0|0.0|0.0|1.0|RAMIRIQUI|8414|ACTIVIDADES REGULADORAS Y FACILITADORAS DE LA ACTIVIDAD ECONOMICA|
1.0|295920.0|2.0|13.0|PESCA|1040|ELABORACION DE PRODUCTOS LACTEOS|
1.0|65760.0|1.0|0.0|SOATA|5619|OTROS TIPOS DE EXPENDIO DE COMIDAS PREPARADAS NCP|
1.0|0.0|0.0|1.0|VALLEDUPAR|4773|COMERCIO AL POR MENOR DE PRODUCTOS FARMACEUTICOS Y MEDICINALES- COSMETICOS Y ARTICULOS DE TOCADOR EN ESTABLECIMIENTOS ESPECIALIZADOS|
1.0|0.0|0.0|1.0|BELEN|6110|ACTIVIDADES DE TELECOMUNICACIONES ALAMBRICAS|
4.0|558960.0|18.0|9.0|DUITAMA|4541|COMERCIO DE MOTOCICLETAS Y DE SUS PARTES- PIEZAS Y ACCESORIOS|
1.0|0.0|0.0|0.0|ARMENIA|8299|OTRAS ACTIVIDADES DE SERVICIO DE APOYO A LAS EMPRESAS NCP|
1.0|263040.0|4.0|2.0|COTA|5612|EXPENDIO POR AUTOSERVICIO DE COMIDAS PREPARADAS|
1.0|0.0|0.0|1.0|SANTAFE DE BOGOTA|2511|FABRICACION DE PRODUCTOS METALICOS PARA USO ESTRUCTURAL|
1.0|0.0|0.0|1.0|SANTAFE DE BOGOTA|3812|RECOLECCION DE DESECHOS PELIGROSOS|
1.0|32880.0|15.0|30.0|YOPAL|6511|SEGUROS GENERALES|
2.0|0.0|0.0|0.0|GARAGOA|4312|PREPARACION DEL TERRENO|
1.0|0.0|1.0|0.0|PUERTO BOYACA|9603|POMPAS FUNEBRES Y ACTIVIDADES RELACIONADAS|
1.0|98640.0|3.0|3.0|TUTA|4773|COMERCIO AL POR MENOR DE PRODUCTOS FARMACEUTICOS Y MEDICINALES- COSMETICOS Y ARTICULOS DE TOCADOR EN ESTABLECIMIENTOS ESPECIALIZADOS|
1.0|0.0|0.0|0.0|SOGAMOSO|1522|FABRICACION DE OTROS TIPOS DE CALZADO- EXCEPTO CALZADO DE CUERO Y PIEL|
1.0|1626260.0|2.0|68.0|COTA|0145|CRIA DE AVES DE CORRAL|
2.0|32880.0|1.0|0.0|PAIPA|8622|ACTIVIDADES DE LA PRACTICA ODONTOLOGICA|
1.0|690480.0|11.0|29.0|SAMACA|9411|ACTIVIDADES DE ASOCIACIONES EMPRESARIALES Y DE EMPLEADORES|
1.0|0.0|0.0|1.0|TURMEQUE|8423|ORDEN PUBLICO Y ACTIVIDADES DE SEGURIDAD|
1.0|197280.0|5.0|30.0|MIRAFLORES|4390|OTRAS ACTIVIDADES ESPECIALIZADAS PARA LA CONSTRUCCION DE EDIFICIOS Y OBRAS DE INGENIERIA CIVIL|
1.0|65760.0|3.0|1.0|GAMEZA|8621|ACTIVIDADES DE LA PRACTICA MEDICA- SIN INTERNACION|
2.0|460320.0|1.0|2.0|DUITAMA|2219|FABRICACION DE FORMAS BASICAS DE CAUCHO Y OTROS PRODUCTOS DE CAUCHO NCP|
2.0|32880.0|1.0|1.0|TENZA|9700|ACTIVIDADES DE LOS HOGARES INDIVIDUALES COMO EMPLEADORES DE PERSONAL DOMESTICO|
1.0|0.0|0.0|0.0|SORACA|9491|ACTIVIDADES DE ASOCIACIONES RELIGIOSAS|
1.0|0.0|0.0|6.0|PUERTO TRIUNFO|4922|TRANSPORTE MIXTO|
1.0|0.0|0.0|1.0|GUATEQUE|0811|EXTRACCION DE PIEDRA- ARENA- ARCILLAS COMUNES- YESO Y ANHIDRITA|
1.0|32880.0|4.0|2.0|CALDAS|8621|ACTIVIDADES DE LA PRACTICA MEDICA- SIN INTERNACION|
1.0|328800.0|5.0|2.0|MOTAVITA|8610|ACTIVIDADES DE HOSPITALES Y CLINICAS- CON INTERNACION|
1.0|0.0|2.0|0.0|SOGAMOSO|5813|EDICION DE PERIODICOS- REVISTAS Y OTRAS PUBLICACIONES PERIODICAS|
4.0|0.0|2.0|7.0|COTA|4664|COMERCIO AL POR MAYOR DE PRODUCTOS QUIMICOS BASICOS- CAUCHOS Y PLASTICOS EN FORMAS PRIMARIAS Y PRODUCTOS QUIMICOS DE USO AGROPECUARIO|
1.0|0.0|0.0|2.0|GUACAMAYAS|3700|EVACUACION Y TRATAMIENTO DE AGUAS RESIDUALES|
1.0|0.0|0.0|1.0|SAMACA|0141|CRIA DE GANADO BOVINO Y BUFALINO|
1.0|164400.0|1.0|7.0|PANQUEBA|1040|ELABORACION DE PRODUCTOS LACTEOS|
1.0|65760.0|1.0|1.0|PAIPA|1312|TEJEDURIA DE PRODUCTOS TEXTILES|
1.0|0.0|5.0|25.0|SOGAMOSO|0820|EXTRACCION DE ESMERALDAS- PIEDRAS PRECIOSAS Y SEMIPRECIOSAS|
2.0|361680.0|6.0|16.0|PAIPA|2920|FABRICACION DE CARROCERIAS PARA VEHICULOS AUTOMOTORES- FABRICACION DE REMOLQUES Y SEMIRREMOLQUES|
1.0|32880.0|2.0|0.0|MOSQUERA|8621|ACTIVIDADES DE LA PRACTICA MEDICA- SIN INTERNACION|
1.0|131520.0|0.0|3.0|COTA|8010|ACTIVIDADES DE SEGURIDAD PRIVADA|
1.0|0.0|0.0|2.0|PUERTO BOYACA|4722|COMERCIO AL POR MENOR DE LECHE- PRODUCTOS LACTEOS Y HUEVOS- EN ESTABLECIMIENTOS ESPECIALIZADOS|
1.0|0.0|0.0|0.0|GAMEZA|9499|ACTIVIDADES DE OTRAS ASOCIACIONES NCP|
1.0|0.0|0.0|1.0|ZIPAQUIRA|4690|COMERCIO AL POR MAYOR NO ESPECIALIZADO|
1.0|427440.0|2.0|5.0|RAMIRIQUI|6820|ACTIVIDADES INMOBILIARIAS REALIZADAS A CAMBIO DE UNA RETRIBUCION O POR CONTRATA|
2.0|1019280.0|14.0|20.0|SANTAFE DE BOGOTA|4511|COMERCIO DE VEHICULOS AUTOMOTORES NUEVOS|
1.0|0.0|0.0|1.0|PAIPA|3830|RECUPERACION DE MATERIALES|
2.0|3583920.0|23.0|143.0|MANIZALES|7110|ACTIVIDADES DE ARQUITECTURA E INGENIERIA Y OTRAS ACTIVIDADES CONEXAS DE CONSULTORIA TECNICA|
2.0|131520.0|15.0|13.0|PAIPA|4711|COMERCIO AL POR MENOR EN ESTABLECIMIENTOS NO ESPECIALIZADOS CON SURTIDO COMPUESTO PRINCIPALMENTE POR ALIMENTOS- BEBIDAS O TABACO|
1.0|0.0|0.0|2.0|SOPO|4664|COMERCIO AL POR MAYOR DE PRODUCTOS QUIMICOS BASICOS- CAUCHOS Y PLASTICOS EN FORMAS PRIMARIAS Y PRODUCTOS QUIMICOS DE USO AGROPECUARIO|
1.0|32880.0|2.0|2.0|BELEN|4719|COMERCIO AL POR MENOR EN ESTABLECIMIENTOS NO ESPECIALIZADOS- CON SURTIDO COMPUESTO PRINCIPALMENTE POR PRODUCTOS DIFERENTES DE ALIMENTOS (VIVERES EN GENERAL)- BEBIDAS Y TABACO|
1.0|32880.0|0.0|2.0|FUNZA|4664|COMERCIO AL POR MAYOR DE PRODUCTOS QUIMICOS BASICOS- CAUCHOS Y PLASTICOS EN FORMAS PRIMARIAS Y PRODUCTOS QUIMICOS DE USO AGROPECUARIO|
1.0|0.0|0.0|1.0|SOCHA|4722|COMERCIO AL POR MENOR DE LECHE- PRODUCTOS LACTEOS Y HUEVOS- EN ESTABLECIMIENTOS ESPECIALIZADOS|
2.0|4011360.0|48.0|63.0|DUITAMA|3700|EVACUACION Y TRATAMIENTO DE AGUAS RESIDUALES|
1.0|263040.0|1.0|18.0|PAIPA|7729|ALQUILER Y ARRENDAMIENTO DE OTROS EFECTOS PERSONALES Y ENSERES DOMESTICOS NCP|
2.0|0.0|0.0|1.0|SANTAFE DE BOGOTA|5224|MANIPULACION DE CARGA|
1.0|0.0|0.0|2.0|ARMENIA|0170|CAZA ORDINARIA Y MEDIANTE TRAMPAS Y ACTIVIDADES DE SERVICIOS CONEXAS|
1.0|0.0|0.0|0.0|SANTA ROSA DE VITERBO|5511|ALOJAMIENTO EN HOTELES|
1.0|0.0|0.0|1.0|DUITAMA|1030|ELABORACION DE ACEITES Y GRASAS DE ORIGEN VEGETAL Y ANIMAL|
1.0|0.0|1.0|1.0|SABOYA|3600|CAPTACION- TRATAMIENTO Y DISTRIBUCION DE AGUA|
1.0|0.0|0.0|1.0|BARRANQUILLA|7110|ACTIVIDADES DE ARQUITECTURA E INGENIERIA Y OTRAS ACTIVIDADES CONEXAS DE CONSULTORIA TECNICA|
2.0|131520.0|0.0|6.0|SABOYA|4921|TRANSPORTE DE PASAJEROS|
1.0|0.0|1.0|0.0|CHIQUINQUIRA|8129|OTRAS ACTIVIDADES DE LIMPIEZA DE EDIFICIOS E INSTALACIONES INDUSTRIALES|
1.0|0.0|0.0|9.0|PIEDECUESTA|4220|CONSTRUCCION DE PROYECTOS DE SERVICIO PUBLICO|
1.0|0.0|1.0|0.0|GARAGOA|4755|COMERCIO AL POR MENOR DE ARTICULOS Y UTENSILIOS DE USO DOMESTICO|
1.0|98640.0|1.0|2.0|GUATEQUE|6020|ACTIVIDADES DE PROGRAMACION Y TRANSMISION DE TELEVISION|
1.0|558960.0|0.0|13.0|SAMACA|2599|FABRICACION DE OTROS PRODUCTOS ELABORADOS DE METAL NCP|
1.0|1479600.0|1.0|30.0|TUNJA|6613|OTRAS ACTIVIDADES RELACIONADAS CON EL MERCADO DE VALORES|
2.0|1380960.0|18.0|29.0|GARAGOA|3600|CAPTACION- TRATAMIENTO Y DISTRIBUCION DE AGUA|
3.0|131520.0|4.0|3.0|PAIPA|8299|OTRAS ACTIVIDADES DE SERVICIO DE APOYO A LAS EMPRESAS NCP|
1.0|953520.0|62.0|51.0|SOATA|8610|ACTIVIDADES DE HOSPITALES Y CLINICAS- CON INTERNACION|
1.0|98640.0|0.0|3.0|MOSQUERA|4665|COMERCIO AL POR MAYOR DE DESPERDICIOS- DESECHOS Y CHATARRA|
1.0|32880.0|2.0|1.0|SANTAFE DE BOGOTA|4644|COMERCIO AL POR MAYOR DE APARATOS Y EQUIPO DE USO DOMESTICO|
1.0|718580.0|10.0|10.0|TUNJA|0111|CULTIVO DE CEREALES (EXCEPTO ARROZ)- LEGUMBRES Y SEMILLAS OLEAGINOSAS|
1.0|65760.0|1.0|1.0|SOCHA|6910|ACTIVIDADES JURIDICAS|
1.0|98640.0|1.0|0.0|AQUITANIA|8622|ACTIVIDADES DE LA PRACTICA ODONTOLOGICA|
1.0|32880.0|1.0|0.0|MONIQUIRA|6511|SEGUROS GENERALES|
1.0|230160.0|0.0|5.0|SOTAQUIRA|7730|ALQUILER Y ARRENDAMIENTO DE OTROS TIPOS DE MAQUINARIA- EQUIPO Y BIENES TANGIBLES NCP|
1.0|65760.0|1.0|1.0|CUITIVA|8412|ACTIVIDADES EJECUTIVAS DE LA ADMINISTRACION PUBLICA|
2.0|460320.0|6.0|14.0|DUITAMA|2029|FABRICACION DE OTROS PRODUCTOS QUIMICOS NCP|
1.0|1413840.0|13.0|40.0|PAZ DEL RIO|0811|EXTRACCION DE PIEDRA- ARENA- ARCILLAS COMUNES- YESO Y ANHIDRITA|
1.0|230160.0|3.0|0.0|VILLA DE LEYVA|4669|COMERCIO AL POR MAYOR DE OTROS PRODUCTOS NCP|
1.0|32880.0|0.0|1.0|CHIQUINQUIRA|7490|OTRAS ACTIVIDADES PROFESIONALES- CIENTIFICAS Y TECNICAS NCP|
1.0|32880.0|1.0|0.0|TUTA|9700|ACTIVIDADES DE LOS HOGARES INDIVIDUALES COMO EMPLEADORES DE PERSONAL DOMESTICO|
1.0|0.0|1.0|4.0|BELEN|4759|COMERCIO AL POR MENOR DE OTROS ARTICULOS DOMESTICOS EN ESTABLECIMIENTOS ESPECIALIZADOS|
1.0|0.0|0.0|0.0|PAIPA|8890|OTRAS ACTIVIDADES DE ASISTENCIA SOCIAL SIN ALOJAMIENTO|
1.0|0.0|0.0|1.0|RAMIRIQUI|4659|COMERCIO AL POR MAYOR DE OTROS TIPOS DE MAQUINARIA Y EQUIPO NCP|
1.0|0.0|0.0|1.0|LA UVITA|4731|COMERCIO AL POR MENOR DE COMBUSTIBLE PARA AUTOMOTORES|
1.0|37820.0|0.0|2.0|LABRANZAGRANDE|0149|CRIA DE OTROS ANIMALES NCP|
1.0|32880.0|2.0|0.0|POPAYAN|4620|COMERCIO AL POR MAYOR DE MATERIAS PRIMAS AGROPECUARIAS- ANIMALES VIVOS|
1.0|0.0|1.0|0.0|SANTAFE DE BOGOTA|4719|COMERCIO AL POR MENOR EN ESTABLECIMIENTOS NO ESPECIALIZADOS- CON SURTIDO COMPUESTO PRINCIPALMENTE POR PRODUCTOS DIFERENTES DE ALIMENTOS (VIVERES EN GENERAL)- BEBIDAS Y TABACO|
1.0|75640.0|2.0|0.0|PAIPA|0162|ACTIVIDADES DE APOYO A LA GANADERIA|
1.0|131520.0|6.0|1.0|TIPACOQUE|8621|ACTIVIDADES DE LA PRACTICA MEDICA- SIN INTERNACION|
1.0|0.0|1.0|0.0|GUAYATA|6910|ACTIVIDADES JURIDICAS|
3.0|854880.0|14.0|16.0|TUNJA|5224|MANIPULACION DE CARGA|
1.0|0.0|2.0|2.0|TIBASOSA|6820|ACTIVIDADES INMOBILIARIAS REALIZADAS A CAMBIO DE UNA RETRIBUCION O POR CONTRATA|
2.0|131520.0|3.0|12.0|MIRAFLORES|4620|COMERCIO AL POR MAYOR DE MATERIAS PRIMAS AGROPECUARIAS- ANIMALES VIVOS|
1.0|131520.0|4.0|0.0|NOBSA|6424|ACTIVIDADES DE LAS COOPERATIVAS FINANCIERAS|
1.0|37820.0|0.0|2.0|MONIQUIRA|0220|EXTRACCION DE MADERA|
1.0|131520.0|0.0|3.0|SOGAMOSO|2920|FABRICACION DE CARROCERIAS PARA VEHICULOS AUTOMOTORES- FABRICACION DE REMOLQUES Y SEMIRREMOLQUES|
1.0|230160.0|6.0|2.0|TINJACA|8610|ACTIVIDADES DE HOSPITALES Y CLINICAS- CON INTERNACION|
1.0|6970560.0|41.0|172.0|SOGAMOSO|2520|FABRICACION DE ARMAS Y MUNICIONES|
2.0|1117920.0|16.0|13.0|SOGAMOSO|1051|ELABORACION DE PRODUCTOS DE MOLINERIA|
1.0|0.0|1.0|3.0|SAMACA|4610|COMERCIO AL POR MAYOR A CAMBIO DE UNA RETRIBUCION O POR CONTRATA|
1.0|230160.0|2.0|6.0|SAN MIGUEL DE SEMA|7500|ACTIVIDADES VETERINARIAS|
1.0|164400.0|2.0|3.0|PAIPA|1102|ELABORACION DE BEBIDAS FERMENTADAS NO DESTILADAS|
1.0|394560.0|9.0|1.0|GARAGOA|4921|TRANSPORTE DE PASAJEROS|
1.0|32880.0|0.0|1.0|SOTAQUIRA|0081|PERSONAS NATURALES SIN ACTIVIDAD ECONOMICA|
1.0|0.0|0.0|0.0|SAMACA|4210|CONSTRUCCION DE CARRETERAS Y VIAS DE FERROCARRIL|
1.0|197280.0|3.0|4.0|PAIPA|4610|COMERCIO AL POR MAYOR A CAMBIO DE UNA RETRIBUCION O POR CONTRATA|
1.0|37820.0|0.0|3.0|SACHICA|0119|OTROS CULTIVOS TRANSITORIOS NCP|
1.0|32880.0|2.0|0.0|SOGAMOSO|8430|ACTIVIDADES DE PLANES DE SEGURIDAD SOCIAL DE AFILIACION OBLIGATORIA|
2.0|197280.0|2.0|4.0|PAIPA|1610|ASERRADO- ACEPILLADO E IMPREGNACION DE LA MADERA|
1.0|0.0|0.0|0.0|SOGAMOSO|9420|ACTIVIDADES DE SINDICATOS DE EMPLEADOS|
1.0|0.0|0.0|2.0|DUITAMA|9412|ACTIVIDADES DE ASOCIACIONES PROFESIONALES|
1.0|427440.0|1.0|5.0|SOGAMOSO|2013|FABRICACION DE PLASTICOS EN FORMAS PRIMARIAS|
1.0|197280.0|5.0|1.0|DUITAMA|4775|COMERCIO AL POR MENOR DE ARTICULOS DE SEGUNDA MANO|
1.0|131520.0|1.0|4.0|PUERTO BOYACA|3822|TRATAMIENTO Y DISPOSICION DE DESECHOS PELIGROSOS|
1.0|394560.0|1.0|17.0|CIENEGA|3600|CAPTACION- TRATAMIENTO Y DISTRIBUCION DE AGUA|
1.0|197280.0|1.0|6.0|MUZO|1082|ELABORACION DE CACAO- CHOCOLATE Y PRODUCTOS DE CONFITERIA|
1.0|131520.0|0.0|2.0|ZIPAQUIRA|4661|COMERCIO AL POR MAYOR DE COMBUSTIBLES SOLIDOS- LIQUIDOS- GASEOSOS Y PRODUCTOS CONEXOS|
1.0|0.0|1.0|6.0|EL COCUY|1040|ELABORACION DE PRODUCTOS LACTEOS|
1.0|0.0|4.0|0.0|MACANAL|9491|ACTIVIDADES DE ASOCIACIONES RELIGIOSAS|
1.0|264740.0|0.0|2.0|VENTAQUEMADA|0121|CULTIVO DE FRUTAS TROPICALES Y SUBTROPICALES|
1.0|164400.0|10.0|0.0|ITAGUI|8121|LIMPIEZA GENERAL INTERIOR DE EDIFICIOS|
1.0|526080.0|9.0|5.0|DUITAMA|6412|BANCOS COMERCIALES|
1.0|98640.0|1.0|1.0|BARRANQUILLA|7810|ACTIVIDADES DE AGENCIAS DE EMPLEO|
1.0|2400240.0|73.0|75.0|MOTAVITA|6311|PROCESAMIENTO DE DATOS- ALOJAMIENTO (HOSTING) Y ACTIVIDADES RELACIONADAS|
1.0|1676880.0|55.0|8.0|NEIVA|7810|ACTIVIDADES DE AGENCIAS DE EMPLEO|
1.0|0.0|0.0|1.0|TIBANA|4773|COMERCIO AL POR MENOR DE PRODUCTOS FARMACEUTICOS Y MEDICINALES- COSMETICOS Y ARTICULOS DE TOCADOR EN ESTABLECIMIENTOS ESPECIALIZADOS|
1.0|427440.0|14.0|9.0|SOTAQUIRA|8610|ACTIVIDADES DE HOSPITALES Y CLINICAS- CON INTERNACION|
1.0|0.0|1.0|1.0|IZA|9700|ACTIVIDADES DE LOS HOGARES INDIVIDUALES COMO EMPLEADORES DE PERSONAL DOMESTICO|
1.0|558960.0|14.0|0.0|CERINZA|9499|ACTIVIDADES DE OTRAS ASOCIACIONES NCP|
1.0|32880.0|0.0|2.0|SANTANA|4631|COMERCIO AL POR MAYOR DE PRODUCTOS ALIMENTICIOS|
1.0|98640.0|4.0|4.0|SAN LUIS DE GACENO|4773|COMERCIO AL POR MENOR DE PRODUCTOS FARMACEUTICOS Y MEDICINALES- COSMETICOS Y ARTICULOS DE TOCADOR EN ESTABLECIMIENTOS ESPECIALIZADOS|
1.0|0.0|0.0|1.0|VILLA DE LEYVA|0121|CULTIVO DE FRUTAS TROPICALES Y SUBTROPICALES|
1.0|32880.0|2.0|0.0|DUITAMA|6492|ACTIVIDADES FINANCIERAS DE FONDOS DE EMPLEADOS Y OTRAS FORMAS ASOCIATIVAS DEL SECTOR SOLIDARIO|
1.0|197280.0|4.0|0.0|SOTAQUIRA|9411|ACTIVIDADES DE ASOCIACIONES EMPRESARIALES Y DE EMPLEADORES|
1.0|197280.0|6.0|13.0|SACHICA|9200|ACTIVIDADES DE JUEGOS DE AZAR Y APUESTAS|
1.0|65760.0|0.0|2.0|PAIPA|1020|PROCESAMIENTO Y CONSERVACION DE FRUTAS- LEGUMBRES- HORTALIZAS Y TUBERCULOS|
1.0|230160.0|4.0|1.0|GARAGOA|4771|COMERCIO AL POR MENOR DE PRENDAS DE VESTIR Y SUS ACCESORIOS (INCLUYE ARTICULOS DE PIEL) EN ESTABLECIMIENTOS ESPECIALIZADOS|
1.0|164400.0|3.0|6.0|BUCARAMANGA|3520|PRODUCCION DE GAS- DISTRIBUCION DE COMBUSTIBLES GASEOSOS POR TUBERIAS|
1.0|328800.0|2.0|6.0|ENVIGADO|2021|FABRICACION DE PLAGUICIDAS Y OTROS PRODUCTOS QUIMICOS DE USO AGROPECUARIO|
1.0|427440.0|8.0|18.0|PAYA|8412|ACTIVIDADES EJECUTIVAS DE LA ADMINISTRACION PUBLICA|
1.0|131520.0|0.0|9.0|PAIPA|2592|TRATAMIENTO Y REVESTIMIENTO DE METALES- MECANIZADO|
1.0|0.0|7.0|6.0|MONIQUIRA|8691|ACTIVIDADES DE APOYO DIAGNOSTICO|
1.0|0.0|0.0|0.0|PANQUEBA|4290|CONSTRUCCION DE OTRAS OBRAS DE INGENIERIA CIVIL|
1.0|32880.0|0.0|0.0|BELEN|8511|EDUCACION DE LA PRIMERA INFANCIA|
1.0|197280.0|1.0|1.0|SANTAFE DE BOGOTA|2221|FABRICACION DE FORMAS BASICAS DE PLASTICO|
1.0|0.0|0.0|1.0|MEDELLIN|3312|MANTENIMIENTO Y REPARACION ESPECIALIZADO DE MAQUINARIA Y EQUIPO|
1.0|3057840.0|71.0|13.0|GUATEQUE|5611|EXPENDIO A LA MESA DE COMIDAS PREPARADAS|
1.0|98640.0|3.0|4.0|SAN MIGUEL DE SEMA|8621|ACTIVIDADES DE LA PRACTICA MEDICA- SIN INTERNACION|
1.0|1019280.0|16.0|9.0|TOCA|8610|ACTIVIDADES DE HOSPITALES Y CLINICAS- CON INTERNACION|
1.0|131520.0|15.0|14.0|COMBITA|5611|EXPENDIO A LA MESA DE COMIDAS PREPARADAS|
1.0|0.0|0.0|1.0|SOGAMOSO|2219|FABRICACION DE FORMAS BASICAS DE CAUCHO Y OTROS PRODUCTOS DE CAUCHO NCP|
1.0|164400.0|1.0|2.0|SUTAMARCHAN|2100|FABRICACION DE PRODUCTOS FARMACEUTICOS- SUSTANCIAS QUIMICAS MEDICINALES Y PRODUCTOS BOTANICOS DE USO FARMACEUTICO|
1.0|0.0|0.0|0.0|PAUNA|4923|TRANSPORTE DE CARGA POR CARRETERA|
1.0|0.0|0.0|3.0|SUSACON|1040|ELABORACION DE PRODUCTOS LACTEOS|
1.0|65760.0|0.0|1.0|CHIQUINQUIRA|2824|FABRICACION DE MAQUINARIA PARA EXPLOTACION DE MINAS Y CANTERAS Y PARA OBRAS DE CONSTRUCCION|
1.0|131520.0|0.0|9.0|NOBSA|2511|FABRICACION DE PRODUCTOS METALICOS PARA USO ESTRUCTURAL|
1.0|32880.0|0.0|1.0|MUZO|9499|ACTIVIDADES DE OTRAS ASOCIACIONES NCP|
5.0|295920.0|8.0|2.0|MONIQUIRA|5511|ALOJAMIENTO EN HOTELES|
5.0|493200.0|24.0|55.0|TUNJA|9312|ACTIVIDADES DE CLUBES DEPORTIVOS|
5.0|2992080.0|69.0|47.0|SANTAFE DE BOGOTA|5611|EXPENDIO A LA MESA DE COMIDAS PREPARADAS|
6.0|657600.0|4.0|31.0|PAZ DEL RIO|4923|TRANSPORTE DE CARGA POR CARRETERA|
3.0|37820.0|1.0|1.0|CALDAS|0150|EXPLOTACION MIXTA (AGRICOLA Y PECUARIA)|
2.0|328800.0|2.0|9.0|SOATA|4731|COMERCIO AL POR MENOR DE COMBUSTIBLE PARA AUTOMOTORES|
40.0|1874160.0|83.0|35.0|TUNJA|6920|ACTIVIDADES DE CONTABILIDAD- TENEDURIA DE LIBROS- AUDITORIA FINANCIERA Y ASESORIA TRIBUTARIA|
2.0|164400.0|0.0|4.0|SANTA ROSA DE VITERBO|4921|TRANSPORTE DE PASAJEROS|
1.0|295920.0|8.0|12.0|COPER|8411|ACTIVIDADES LEGISLATIVAS DE LA ADMINISTRACION PUBLICA|
1.0|789120.0|3.0|19.0|GARAGOA|0510|EXTRACCION DE HULLA (CARBON DE PIEDRA)|
16.0|1611120.0|10.0|49.0|PAIPA|4923|TRANSPORTE DE CARGA POR CARRETERA|
12.0|1019280.0|38.0|17.0|PUERTO BOYACA|4754|COMERCIO AL POR MENOR DE ELECTRODOMESTICOS Y GASODOMESTICOS DE USO DOMESTICO- MUEBLES Y EQUIPOS DE ILUMINACION|
4.0|263040.0|7.0|5.0|VILLA DE LEYVA|4773|COMERCIO AL POR MENOR DE PRODUCTOS FARMACEUTICOS Y MEDICINALES- COSMETICOS Y ARTICULOS DE TOCADOR EN ESTABLECIMIENTOS ESPECIALIZADOS|
1.0|0.0|1.0|1.0|CALI|0149|CRIA DE OTROS ANIMALES NCP|
1.0|0.0|1.0|6.0|PUERTO BOYACA|3900|ACTIVIDADES DE SANEAMIENTO AMBIENTAL Y OTROS SERVICIOS DE GESTION DE DESECHOS|
2.0|0.0|0.0|1.0|SAN PABLO DE BORBUR|0141|CRIA DE GANADO BOVINO Y BUFALINO|
2.0|230160.0|2.0|4.0|PAIPA|2819|FABRICACION DE OTROS TIPOS DE MAQUINARIA Y EQUIPO DE USO GENERAL NCP|
1.0|0.0|0.0|0.0|FUNZA|4690|COMERCIO AL POR MAYOR NO ESPECIALIZADO|
1.0|0.0|0.0|5.0|AQUITANIA|4290|CONSTRUCCION DE OTRAS OBRAS DE INGENIERIA CIVIL|
1.0|0.0|0.0|0.0|CALI|8110|ACTIVIDADES COMBINADAS DE APOYO A INSTALACIONES|
2.0|131520.0|1.0|1.0|VILLA DE LEYVA|8299|OTRAS ACTIVIDADES DE SERVICIO DE APOYO A LAS EMPRESAS NCP|
2.0|230160.0|1.0|33.0|GUATEQUE|4112|CONSTRUCCION DE EDIFICIOS NO RESIDENCIALES|
1.0|197280.0|1.0|5.0|RAMIRIQUI|4731|COMERCIO AL POR MENOR DE COMBUSTIBLE PARA AUTOMOTORES|
1.0|230160.0|5.0|6.0|TINJACA|1089|ELABORACION DE OTROS PRODUCTOS ALIMENTICIOS NCP|
10.0|3255120.0|75.0|20.0|TUNJA|9601|LAVADO Y LIMPIEZA- INCLUSO LA LIMPIEZA EN SECO- DE PRODUCTOS TEXTILES Y DE PIEL|
1.0|0.0|0.0|1.0|SAMACA|4754|COMERCIO AL POR MENOR DE ELECTRODOMESTICOS Y GASODOMESTICOS DE USO DOMESTICO- MUEBLES Y EQUIPOS DE ILUMINACION|
2.0|32880.0|1.0|7.0|TUTA|4752|COMERCIO AL POR MENOR DE ARTICULOS DE FERRETERIA- PINTURAS Y PRODUCTOS DE VIDRIO EN ESTABLECIMIENTOS ESPECIALIZADOS|
4.0|361680.0|8.0|6.0|DUITAMA|5229|OTRAS ACTIVIDADES COMPLEMENTARIAS AL TRANSPORTE|
1.0|164400.0|0.0|5.0|TOCA|4731|COMERCIO AL POR MENOR DE COMBUSTIBLE PARA AUTOMOTORES|
1.0|164400.0|4.0|0.0|BERBEO|8610|ACTIVIDADES DE HOSPITALES Y CLINICAS- CON INTERNACION|
3.0|197280.0|4.0|8.0|ZETAQUIRA|8411|ACTIVIDADES LEGISLATIVAS DE LA ADMINISTRACION PUBLICA|
13.0|4899120.0|82.0|79.0|TUNJA|4649|COMERCIO AL POR MAYOR DE OTROS UTENSILIOS DOMESTICOS NCP|
1.0|32880.0|1.0|0.0|CHIQUINQUIRA|7710|ALQUILER Y ARRENDAMIENTO DE VEHICULOS AUTOMOTORES|
4.0|164400.0|1.0|6.0|SANTAFE DE BOGOTA|2029|FABRICACION DE OTROS PRODUCTOS QUIMICOS NCP|
6.0|197280.0|4.0|5.0|NOBSA|9700|ACTIVIDADES DE LOS HOGARES INDIVIDUALES COMO EMPLEADORES DE PERSONAL DOMESTICO|
4.0|197280.0|2.0|11.0|GARAGOA|4752|COMERCIO AL POR MENOR DE ARTICULOS DE FERRETERIA- PINTURAS Y PRODUCTOS DE VIDRIO EN ESTABLECIMIENTOS ESPECIALIZADOS|
1.0|0.0|0.0|0.0|DUITAMA|3311|MANTENIMIENTO Y REPARACION ESPECIALIZADO DE PRODUCTOS ELABORADOS EN METAL|
3.0|854880.0|4.0|13.0|TUTA|1040|ELABORACION DE PRODUCTOS LACTEOS|
6.0|1282320.0|20.0|31.0|SOGAMOSO|4620|COMERCIO AL POR MAYOR DE MATERIAS PRIMAS AGROPECUARIAS- ANIMALES VIVOS|
1.0|65760.0|3.0|3.0|TUNJA|9521|MANTENIMIENTO Y REPARACION DE APARATOS ELECTRONICOS DE CONSUMO|
2.0|32880.0|5.0|2.0|TIBASOSA|5511|ALOJAMIENTO EN HOTELES|
2.0|920640.0|9.0|17.0|BELEN|4731|COMERCIO AL POR MENOR DE COMBUSTIBLE PARA AUTOMOTORES|
1.0|32880.0|1.0|0.0|MONGUI|7912|ACTIVIDADES DE OPERADORES TURISTICOS|
5.0|427440.0|9.0|9.0|SANTAFE DE BOGOTA|1089|ELABORACION DE OTROS PRODUCTOS ALIMENTICIOS NCP|
1.0|427440.0|13.0|14.0|PAZ DEL RIO|8411|ACTIVIDADES LEGISLATIVAS DE LA ADMINISTRACION PUBLICA|
7.0|1216560.0|17.0|41.0|SOGAMOSO|4631|COMERCIO AL POR MAYOR DE PRODUCTOS ALIMENTICIOS|
1.0|328800.0|3.0|7.0|SUTAMARCHAN|4663|COMERCIO AL POR MAYOR DE MATERIALES DE CONSTRUCCION- ARTICULOS DE FERRETERIA- PINTURAS- PRODUCTOS DE VIDRIO- EQUIPO Y MATERIALES DE FONTANERIA Y CALEFACCION|
1.0|65760.0|0.0|2.0|GUATEQUE|2392|FABRICACION DE MATERIALES DE ARCILLA PARA LA CONSTRUCCION|
5.0|394560.0|16.0|4.0|TUNJA|4642|COMERCIO AL POR MAYOR DE PRENDAS DE VESTIR|
1.0|65760.0|2.0|3.0|MONIQUIRA|4723|COMERCIO AL POR MENOR DE CARNES (INCLUYE AVES DE CORRAL)- PRODUCTOS CARNICOS- PESCADOS Y PRODUCTOS DE MAR- EN ESTABLECIMIENTOS ESPECIALIZADOS|
4.0|264740.0|4.0|6.0|IZA|0141|CRIA DE GANADO BOVINO Y BUFALINO|
2.0|32880.0|0.0|2.0|CHIQUINQUIRA|1610|ASERRADO- ACEPILLADO E IMPREGNACION DE LA MADERA|
16.0|2827680.0|73.0|31.0|TUNJA|8551|FORMACION ACADEMICA NO FORMAL|
1.0|32880.0|10.0|18.0|DUITAMA|8541|EDUCACION TECNICA PROFESIONAL|
1.0|328800.0|4.0|13.0|TENJO|4664|COMERCIO AL POR MAYOR DE PRODUCTOS QUIMICOS BASICOS- CAUCHOS Y PLASTICOS EN FORMAS PRIMARIAS Y PRODUCTOS QUIMICOS DE USO AGROPECUARIO|
1.0|65760.0|2.0|0.0|GUATEQUE|8692|ACTIVIDADES DE APOYO TERAPEUTICO|
5.0|295920.0|5.0|4.0|DUITAMA|4774|COMERCIO AL POR MENOR DE OTROS PRODUCTOS NUEVOS EN ESTABLECIMIENTOS ESPECIALIZADOS|
6.0|1939920.0|24.0|26.0|CHIQUINQUIRA|1081|ELABORACION DE PRODUCTOS DE PANADERIA|
1.0|0.0|0.0|1.0|SUTAMARCHAN|9700|ACTIVIDADES DE LOS HOGARES INDIVIDUALES COMO EMPLEADORES DE PERSONAL DOMESTICO|
1.0|0.0|0.0|0.0|SANTAFE DE BOGOTA|2410|INDUSTRIAS BASICAS DE HIERRO Y DE ACERO|
1.0|65760.0|0.0|1.0|VILLA DE LEYVA|7730|ALQUILER Y ARRENDAMIENTO DE OTROS TIPOS DE MAQUINARIA- EQUIPO Y BIENES TANGIBLES NCP|
2.0|0.0|0.0|0.0|CHIQUINQUIRA|4330|TERMINACION Y ACABADO DE EDIFICIOS Y OBRAS DE INGENIERIA CIVIL|
1.0|0.0|0.0|1.0|FLORIDABLANCA|3311|MANTENIMIENTO Y REPARACION ESPECIALIZADO DE PRODUCTOS ELABORADOS EN METAL|
7.0|328800.0|17.0|14.0|VILLA DE LEYVA|4752|COMERCIO AL POR MENOR DE ARTICULOS DE FERRETERIA- PINTURAS Y PRODUCTOS DE VIDRIO EN ESTABLECIMIENTOS ESPECIALIZADOS|
1.0|832040.0|0.0|1.0|SAN MIGUEL DE SEMA|0113|CULTIVO DE HORTALIZAS- RAICES Y TUBERCULOS|
3.0|460320.0|19.0|16.0|SOGAMOSO|5221|ACTIVIDADES DE ESTACIONES- VIAS Y SERVICIOS COMPLEMENTARIOS PARA EL TRANSPORTE TERRESTRE|
1.0|0.0|1.0|3.0|UMBITA|0144|CRIA DE GANADO PORCINO|
9.0|493200.0|20.0|16.0|TUNJA|6494|OTRAS ACTIVIDADES DE DISTRIBUCION DE FONDOS|
2.0|98640.0|3.0|3.0|MOTAVITA|3110|FABRICACION DE MUEBLES|
1.0|0.0|2.0|0.0|GARAGOA|5613|EXPENDIO DE COMIDAS PREPARADAS EN CAFETERIAS|
2.0|340380.0|2.0|7.0|PAIPA|0113|CULTIVO DE HORTALIZAS- RAICES Y TUBERCULOS|
1.0|394560.0|9.0|6.0|SOGAMOSO|1101|DESTILACION- RECTIFICACION Y MEZCLA DE BEBIDAS ALCOHOLICAS|
1.0|65760.0|1.0|0.0|COTA|7220|INVESTIGACIONES Y DESARROLLO EXPERIMENTAL EN EL CAMPO DE LAS CIENCIAS SOCIALES Y LAS HUMANIDADES|
1.0|37820.0|0.0|1.0|SAMACA|0124|CULTIVO DE CAÑ DE AZUCAR|
1.0|197280.0|4.0|8.0|TUNUNGUA|8412|ACTIVIDADES EJECUTIVAS DE LA ADMINISTRACION PUBLICA|
3.0|624720.0|11.0|8.0|PAEZ|8411|ACTIVIDADES LEGISLATIVAS DE LA ADMINISTRACION PUBLICA|
2.0|328800.0|7.0|7.0|SAN EDUARDO|8411|ACTIVIDADES LEGISLATIVAS DE LA ADMINISTRACION PUBLICA|
12.0|822000.0|16.0|18.0|PAIPA|5611|EXPENDIO A LA MESA DE COMIDAS PREPARADAS|
1.0|65760.0|1.0|1.0|SAN PABLO DE BORBUR|8412|ACTIVIDADES EJECUTIVAS DE LA ADMINISTRACION PUBLICA|
5.0|263040.0|5.0|3.0|SAMACA|9700|ACTIVIDADES DE LOS HOGARES INDIVIDUALES COMO EMPLEADORES DE PERSONAL DOMESTICO|
2.0|723360.0|13.0|31.0|CHIQUINQUIRA|4322|INSTALACIONES DE FONTANERIA- CALEFACCION Y AIRE ACONDICIONADO|
1.0|0.0|0.0|1.0|NOBSA|0000|NO DEFINIDA ACTIVIDAD ECONOMICA|
1.0|361680.0|6.0|0.0|IZA|8890|OTRAS ACTIVIDADES DE ASISTENCIA SOCIAL SIN ALOJAMIENTO|
1.0|624720.0|11.0|1.0|MOTAVITA|9499|ACTIVIDADES DE OTRAS ASOCIACIONES NCP|
1.0|0.0|1.0|1.0|SORACA|2392|FABRICACION DE MATERIALES DE ARCILLA PARA LA CONSTRUCCION|
1.0|0.0|0.0|1.0|CARTAGENA|8121|LIMPIEZA GENERAL INTERIOR DE EDIFICIOS|
2.0|986400.0|15.0|22.0|SOGAMOSO|1690|FABRICACION DE OTROS PRODUCTOS DE MADERA- FABRICACION DE ARTICULOS DE CORCHO- CESTERIA Y ESPARTERIA|
1.0|1183680.0|10.0|12.0|PAIPA|4631|COMERCIO AL POR MAYOR DE PRODUCTOS ALIMENTICIOS|
1.0|1249440.0|3.0|28.0|SOGAMOSO|2393|FABRICACION DE OTROS PRODUCTOS DE CERAMICA Y PORCELANA|
6.0|263040.0|7.0|12.0|DUITAMA|8551|FORMACION ACADEMICA NO FORMAL|
3.0|197280.0|5.0|1.0|GUATEQUE|5511|ALOJAMIENTO EN HOTELES|
2.0|32880.0|1.0|1.0|SANTANA|9700|ACTIVIDADES DE LOS HOGARES INDIVIDUALES COMO EMPLEADORES DE PERSONAL DOMESTICO|
1.0|460320.0|1.0|11.0|BUCARAMANGA|4520|MANTENIMIENTO Y REPARACION DE VEHICULOS AUTOMOTORES|
1.0|98640.0|1.0|0.0|GARAGOA|5611|EXPENDIO A LA MESA DE COMIDAS PREPARADAS|
4.0|887760.0|4.0|38.0|PAIPA|2511|FABRICACION DE PRODUCTOS METALICOS PARA USO ESTRUCTURAL|
3.0|131520.0|0.0|5.0|VILLAVICENCIO|4290|CONSTRUCCION DE OTRAS OBRAS DE INGENIERIA CIVIL|
4.0|2893440.0|82.0|96.0|PUERTO BOYACA|8411|ACTIVIDADES LEGISLATIVAS DE LA ADMINISTRACION PUBLICA|
1.0|624720.0|16.0|23.0|FIRAVITOBA|8412|ACTIVIDADES EJECUTIVAS DE LA ADMINISTRACION PUBLICA|
1.0|65760.0|2.0|0.0|LA UVITA|9491|ACTIVIDADES DE ASOCIACIONES RELIGIOSAS|
1.0|32880.0|2.0|0.0|DUITAMA|5530|SERVICIO POR HORAS|
1.0|0.0|0.0|1.0|PAEZ|4663|COMERCIO AL POR MAYOR DE MATERIALES DE CONSTRUCCION- ARTICULOS DE FERRETERIA- PINTURAS- PRODUCTOS DE VIDRIO- EQUIPO Y MATERIALES DE FONTANERIA Y CALEFACCION|
1.0|131520.0|2.0|4.0|LA UVITA|4754|COMERCIO AL POR MENOR DE ELECTRODOMESTICOS Y GASODOMESTICOS DE USO DOMESTICO- MUEBLES Y EQUIPOS DE ILUMINACION|
2.0|2137200.0|56.0|50.0|PAIPA|8411|ACTIVIDADES LEGISLATIVAS DE LA ADMINISTRACION PUBLICA|
1.0|0.0|0.0|0.0|SOGAMOSO|4665|COMERCIO AL POR MAYOR DE DESPERDICIOS- DESECHOS Y CHATARRA|
1.0|230160.0|7.0|4.0|JENESANO|8621|ACTIVIDADES DE LA PRACTICA MEDICA- SIN INTERNACION|
2.0|0.0|1.0|5.0|PUERTO BOYACA|4661|COMERCIO AL POR MAYOR DE COMBUSTIBLES SOLIDOS- LIQUIDOS- GASEOSOS Y PRODUCTOS CONEXOS|
1.0|32880.0|1.0|0.0|TIBASOSA|5613|EXPENDIO DE COMIDAS PREPARADAS EN CAFETERIAS|
3.0|295920.0|4.0|12.0|SOGAMOSO|6110|ACTIVIDADES DE TELECOMUNICACIONES ALAMBRICAS|
1.0|197280.0|2.0|3.0|PUERTO BOYACA|7310|PUBLICIDAD|
2.0|1413840.0|4.0|23.0|PAIPA|4321|INSTALACIONES ELECTRICAS|
1.0|0.0|0.0|0.0|SOCHA|4290|CONSTRUCCION DE OTRAS OBRAS DE INGENIERIA CIVIL|
1.0|0.0|0.0|3.0|MONIQUIRA|4742|COMERCIO AL POR MENOR DE EQUIPOS Y APARATOS DE SONIDO Y DE VIDEO- EN ESTABLECIMIENTOS ESPECIALIZADOS|
1.0|98640.0|1.0|2.0|ALMEIDA|3600|CAPTACION- TRATAMIENTO Y DISTRIBUCION DE AGUA|
1.0|32880.0|0.0|1.0|SANTA ROSA DE VITERBO|9312|ACTIVIDADES DE CLUBES DEPORTIVOS|
2.0|460320.0|9.0|13.0|NOBSA|4731|COMERCIO AL POR MENOR DE COMBUSTIBLE PARA AUTOMOTORES|
1.0|32880.0|5.0|1.0|PUERTO BOYACA|8424|ADMINISTRACION DE JUSTICIA|
1.0|32880.0|0.0|2.0|PAUNA|9491|ACTIVIDADES DE ASOCIACIONES RELIGIOSAS|
1.0|263040.0|6.0|7.0|SANTA ROSA DE VITERBO|4729|COMERCIO AL POR MENOR DE OTROS PRODUCTOS ALIMENTICIOS NCP- EN ESTABLECIMIENTOS ESPECIALIZADOS|
1.0|295920.0|5.0|1.0|CHIQUINQUIRA|4775|COMERCIO AL POR MENOR DE ARTICULOS DE SEGUNDA MANO|
2.0|3814080.0|92.0|78.0|CHIQUINQUIRA|8411|ACTIVIDADES LEGISLATIVAS DE LA ADMINISTRACION PUBLICA|
1.0|164400.0|1.0|15.0|DUITAMA|0820|EXTRACCION DE ESMERALDAS- PIEDRAS PRECIOSAS Y SEMIPRECIOSAS|
2.0|131520.0|7.0|2.0|SABANETA|1410|CONFECCION DE PRENDAS DE VESTIR- EXCEPTO PRENDAS DE PIEL|
1.0|591840.0|16.0|30.0|TIBASOSA|9312|ACTIVIDADES DE CLUBES DEPORTIVOS|
1.0|230160.0|3.0|4.0|MONIQUIRA|4520|MANTENIMIENTO Y REPARACION DE VEHICULOS AUTOMOTORES|
2.0|65760.0|5.0|1.0|TUNJA|4665|COMERCIO AL POR MAYOR DE DESPERDICIOS- DESECHOS Y CHATARRA|
2.0|263040.0|2.0|6.0|TUNJA|7830|OTRAS ACTIVIDADES DE SUMINISTRO DE RECURSO HUMANO|
1.0|32880.0|0.0|5.0|SAMACA|2395|FABRICACION DE ARTICULOS DE HORMIGON- CEMENTO Y YESO|
1.0|0.0|0.0|0.0|IBAGUE|1101|DESTILACION- RECTIFICACION Y MEZCLA DE BEBIDAS ALCOHOLICAS|
1.0|0.0|0.0|1.0|SANTA SOFIA|2511|FABRICACION DE PRODUCTOS METALICOS PARA USO ESTRUCTURAL|
1.0|0.0|0.0|1.0|FIRAVITOBA|0149|CRIA DE OTROS ANIMALES NCP|
1.0|0.0|0.0|0.0|CHIVATA|9499|ACTIVIDADES DE OTRAS ASOCIACIONES NCP|
2.0|32880.0|2.0|2.0|MIRAFLORES|9499|ACTIVIDADES DE OTRAS ASOCIACIONES NCP|
1.0|197280.0|1.0|2.0|SUSA|4731|COMERCIO AL POR MENOR DE COMBUSTIBLE PARA AUTOMOTORES|
2.0|10455840.0|349.0|295.0|TUNJA|8424|ADMINISTRACION DE JUSTICIA|
1.0|230160.0|1.0|4.0|CHINAVITA|6810|ACTIVIDADES INMOBILIARIAS REALIZADAS CON BIENES PROPIOS O ARRENDADOS|
1.0|0.0|0.0|1.0|TOPAGA|0149|CRIA DE OTROS ANIMALES NCP|
2.0|0.0|1.0|10.0|GUATEQUE|4731|COMERCIO AL POR MENOR DE COMBUSTIBLE PARA AUTOMOTORES|
1.0|131520.0|3.0|28.0|TOCANCIPA|0610|EXTRACCION DE PETROLEO CRUDO|
1.0|131520.0|1.0|2.0|FLORENCIA|4111|CONSTRUCCION DE EDIFICIOS RESIDENCIALES|
2.0|197280.0|1.0|5.0|VENTAQUEMADA|4752|COMERCIO AL POR MENOR DE ARTICULOS DE FERRETERIA- PINTURAS Y PRODUCTOS DE VIDRIO EN ESTABLECIMIENTOS ESPECIALIZADOS|
1.0|131520.0|1.0|10.0|SOCHA|4210|CONSTRUCCION DE CARRETERAS Y VIAS DE FERROCARRIL|
1.0|65760.0|2.0|2.0|PUERTO BOYACA|6492|ACTIVIDADES FINANCIERAS DE FONDOS DE EMPLEADOS Y OTRAS FORMAS ASOCIATIVAS DEL SECTOR SOLIDARIO|
1.0|887760.0|21.0|3.0|COMBITA|8610|ACTIVIDADES DE HOSPITALES Y CLINICAS- CON INTERNACION|
1.0|0.0|3.0|3.0|RAMIRIQUI|5629|ACTIVIDADES DE OTROS SERVICIOS DE COMIDAS|
2.0|32880.0|0.0|1.0|SANTAFE DE BOGOTA|3120|FABRICACION DE COLCHONES Y SOMIERES|
1.0|32880.0|2.0|0.0|YOPAL|7010|ACTIVIDADES DE ADMINISTRACION EMPRESARIAL|
1.0|75640.0|2.0|1.0|BARBOSA|0130|PROPAGACION DE PLANTAS (ACTIVIDADES DE LOS VIVEROS- EXCEPTO VIVEROS FORESTALES)|
2.0|32880.0|0.0|2.0|MONIQUIRA|6810|ACTIVIDADES INMOBILIARIAS REALIZADAS CON BIENES PROPIOS O ARRENDADOS|
1.0|394560.0|13.0|11.0|SOATA|8411|ACTIVIDADES LEGISLATIVAS DE LA ADMINISTRACION PUBLICA|
1.0|98640.0|1.0|11.0|NOBSA|0811|EXTRACCION DE PIEDRA- ARENA- ARCILLAS COMUNES- YESO Y ANHIDRITA|
1.0|65760.0|2.0|3.0|SUTAMARCHAN|4711|COMERCIO AL POR MENOR EN ESTABLECIMIENTOS NO ESPECIALIZADOS CON SURTIDO COMPUESTO PRINCIPALMENTE POR ALIMENTOS- BEBIDAS O TABACO|
1.0|0.0|0.0|1.0|BARRANQUILLA|0520|EXTRACCION DE CARBON LIGNITO|
1.0|394560.0|10.0|3.0|SIACHOQUE|8621|ACTIVIDADES DE LA PRACTICA MEDICA- SIN INTERNACION|
1.0|65760.0|0.0|1.0|YUMBO|2012|FABRICACION DE ABONOS Y COMPUESTOS INORGANICOS NITROGENADOS|
1.0|98640.0|1.0|1.0|BUCARAMANGA|2012|FABRICACION DE ABONOS Y COMPUESTOS INORGANICOS NITROGENADOS|
1.0|0.0|1.0|0.0|NOBSA|6621|ACTIVIDADES DE AGENTES Y CORREDORES DE SEGUROS|
1.0|0.0|2.0|4.0|DUITAMA|2011|FABRICACION DE SUSTANCIAS Y PRODUCTOS QUIMICOS BASICOS|
3.0|197280.0|1.0|1.0|TUNJA|5512|ALOJAMIENTO EN APARTAHOTELES|
2.0|65760.0|2.0|1.0|SOGAMOSO|4755|COMERCIO AL POR MENOR DE ARTICULOS Y UTENSILIOS DE USO DOMESTICO|
2.0|0.0|2.0|7.0|PAZ DEL RIO|4661|COMERCIO AL POR MAYOR DE COMBUSTIBLES SOLIDOS- LIQUIDOS- GASEOSOS Y PRODUCTOS CONEXOS|
2.0|230160.0|8.0|4.0|MEDELLIN|9609|OTRAS ACTIVIDADES DE SERVICIOS PERSONALES NCP|
1.0|0.0|0.0|1.0|RAQUIRA|0082|PERSONAS NATURALES SUBSIDIADAS POR TERCEROS|
1.0|295920.0|4.0|14.0|FACATATIVA|9329|OTRAS ACTIVIDADES RECREATIVAS Y DE ESPARCIMIENTO NCP|
3.0|920640.0|6.0|25.0|CHIQUINQUIRA|4759|COMERCIO AL POR MENOR DE OTROS ARTICULOS DOMESTICOS EN ESTABLECIMIENTOS ESPECIALIZADOS|
1.0|0.0|1.0|2.0|TUNJA|2819|FABRICACION DE OTROS TIPOS DE MAQUINARIA Y EQUIPO DE USO GENERAL NCP|
1.0|65760.0|1.0|0.0|SORACA|4645|COMERCIO AL POR MAYOR DE PRODUCTOS FARMACEUTICOS- MEDICINALES- COSMETICOS Y DE TOCADOR|
1.0|32880.0|0.0|1.0|SANTAFE DE BOGOTA|5613|EXPENDIO DE COMIDAS PREPARADAS EN CAFETERIAS|
1.0|0.0|1.0|0.0|SANTAFE DE BOGOTA|8291|ACTIVIDADES DE AGENCIAS DE COBRANZA Y OFICINAS DE CALIFICACION CREDITICIA|
2.0|32880.0|1.0|0.0|SOTAQUIRA|6910|ACTIVIDADES JURIDICAS|
3.0|98640.0|1.0|6.0|SOGAMOSO|2592|TRATAMIENTO Y REVESTIMIENTO DE METALES- MECANIZADO|
1.0|75640.0|1.0|3.0|TOCA|0161|ACTIVIDADES DE APOYO A LA AGRICULTURA|
1.0|723360.0|6.0|58.0|MIRAFLORES|6424|ACTIVIDADES DE LAS COOPERATIVAS FINANCIERAS|
3.0|295920.0|11.0|4.0|TOCA|4711|COMERCIO AL POR MENOR EN ESTABLECIMIENTOS NO ESPECIALIZADOS CON SURTIDO COMPUESTO PRINCIPALMENTE POR ALIMENTOS- BEBIDAS O TABACO|
1.0|65760.0|0.0|1.0|GUATEQUE|1104|ELABORACION DE BEBIDAS NO ALCOHOLICAS- PRODUCCION DE AGUAS MINERALES Y DE OTRAS AGUAS EMBOTELLADAS|
1.0|0.0|2.0|0.0|TASCO|4711|COMERCIO AL POR MENOR EN ESTABLECIMIENTOS NO ESPECIALIZADOS CON SURTIDO COMPUESTO PRINCIPALMENTE POR ALIMENTOS- BEBIDAS O TABACO|
1.0|65760.0|1.0|0.0|MEDELLIN|2100|FABRICACION DE PRODUCTOS FARMACEUTICOS- SUSTANCIAS QUIMICAS MEDICINALES Y PRODUCTOS BOTANICOS DE USO FARMACEUTICO|
4.0|197280.0|9.0|9.0|SOGAMOSO|7810|ACTIVIDADES DE AGENCIAS DE EMPLEO|
1.0|526080.0|5.0|16.0|NOBSA|7730|ALQUILER Y ARRENDAMIENTO DE OTROS TIPOS DE MAQUINARIA- EQUIPO Y BIENES TANGIBLES NCP|
1.0|75640.0|1.0|1.0|SOTAQUIRA|0129|OTROS CULTIVOS PERMANENTES NCP|
1.0|0.0|1.0|1.0|BOAVITA|4711|COMERCIO AL POR MENOR EN ESTABLECIMIENTOS NO ESPECIALIZADOS CON SURTIDO COMPUESTO PRINCIPALMENTE POR ALIMENTOS- BEBIDAS O TABACO|
2.0|98640.0|1.0|2.0|TUNJA|8020|ACTIVIDADES DE SERVICIOS DE SISTEMAS DE SEGURIDAD|
1.0|0.0|0.0|0.0|BELEN|0000|NO DEFINIDA ACTIVIDAD ECONOMICA|
1.0|65760.0|2.0|0.0|DUITAMA|7420|ACTIVIDADES DE FOTOGRAFIA|
2.0|854880.0|25.0|0.0|SOCHA|9499|ACTIVIDADES DE OTRAS ASOCIACIONES NCP|
1.0|953520.0|26.0|0.0|MUZO|8890|OTRAS ACTIVIDADES DE ASISTENCIA SOCIAL SIN ALOJAMIENTO|
1.0|0.0|0.0|1.0|NUEVO COLON|4290|CONSTRUCCION DE OTRAS OBRAS DE INGENIERIA CIVIL|
1.0|65760.0|1.0|1.0|SAN MIGUEL DE SEMA|8415|ACTIVIDADES DE LOS OTROS ORGANOS DE CONTROL|
1.0|295920.0|3.0|14.0|SANTA MARIA|0811|EXTRACCION DE PIEDRA- ARENA- ARCILLAS COMUNES- YESO Y ANHIDRITA|
1.0|0.0|1.0|0.0|SOTAQUIRA|4330|TERMINACION Y ACABADO DE EDIFICIOS Y OBRAS DE INGENIERIA CIVIL|
1.0|0.0|2.0|1.0|TIBASOSA|0510|EXTRACCION DE HULLA (CARBON DE PIEDRA)|
1.0|0.0|1.0|1.0|TOCA|9499|ACTIVIDADES DE OTRAS ASOCIACIONES NCP|
1.0|0.0|0.0|0.0|MEDELLIN|1200|ELABORACION DE PRODUCTOS DE TABACO|
1.0|0.0|2.0|3.0|VIRACACHA|3600|CAPTACION- TRATAMIENTO Y DISTRIBUCION DE AGUA|
2.0|32880.0|2.0|1.0|VILLA DE LEYVA|6613|OTRAS ACTIVIDADES RELACIONADAS CON EL MERCADO DE VALORES|
1.0|16275600.0|19.0|459.0|SANTAFE DE BOGOTA|2431|FUNDICION DE HIERRO Y DE ACERO|
1.0|0.0|1.0|0.0|TOCA|4719|COMERCIO AL POR MENOR EN ESTABLECIMIENTOS NO ESPECIALIZADOS- CON SURTIDO COMPUESTO PRINCIPALMENTE POR PRODUCTOS DIFERENTES DE ALIMENTOS (VIVERES EN GENERAL)- BEBIDAS Y TABACO|
2.0|460320.0|10.0|3.0|CHIVOR|8411|ACTIVIDADES LEGISLATIVAS DE LA ADMINISTRACION PUBLICA|
1.0|657600.0|19.0|24.0|SAMACA|7210|INVESTIGACIONES Y DESARROLLO EXPERIMENTAL EN EL CAMPO DE LAS CIENCIAS NATURALES Y LA INGENIERIA|
1.0|0.0|1.0|0.0|TINJACA|7210|INVESTIGACIONES Y DESARROLLO EXPERIMENTAL EN EL CAMPO DE LAS CIENCIAS NATURALES Y LA INGENIERIA|
1.0|65760.0|0.0|1.0|DUITAMA|6399|OTRAS ACTIVIDADES DE SERVICIO DE INFORMACION NCP|
1.0|0.0|0.0|0.0|GARAGOA|6910|ACTIVIDADES JURIDICAS|
2.0|0.0|2.0|1.0|MONIQUIRA|4799|OTROS TIPOS DE COMERCIO AL POR MENOR NO REALIZADO EN ESTABLECIMIENTOS- PUESTOS DE VENTA O MERCADOS|
2.0|98640.0|2.0|8.0|SOGAMOSO|2829|FABRICACION DE OTROS TIPOS DE MAQUINARIA Y EQUIPO DE USO ESPECIAL NCP|
1.0|32880.0|1.0|1.0|BUCARAMANGA|4729|COMERCIO AL POR MENOR DE OTROS PRODUCTOS ALIMENTICIOS NCP- EN ESTABLECIMIENTOS ESPECIALIZADOS|
1.0|0.0|0.0|1.0|TINJACA|4799|OTROS TIPOS DE COMERCIO AL POR MENOR NO REALIZADO EN ESTABLECIMIENTOS- PUESTOS DE VENTA O MERCADOS|
1.0|32880.0|1.0|4.0|MUZO|8559|OTROS TIPOS DE EDUCACION NCP|
1.0|0.0|0.0|1.0|SOCOTA|6910|ACTIVIDADES JURIDICAS|
1.0|0.0|0.0|2.0|FLORIDABLANCA|7110|ACTIVIDADES DE ARQUITECTURA E INGENIERIA Y OTRAS ACTIVIDADES CONEXAS DE CONSULTORIA TECNICA|
1.0|460320.0|2.0|5.0|TOCA|1040|ELABORACION DE PRODUCTOS LACTEOS|
1.0|0.0|0.0|1.0|FACATATIVA|8010|ACTIVIDADES DE SEGURIDAD PRIVADA|
1.0|37820.0|0.0|1.0|TOCA|0122|CULTIVO DE PLATANO Y BANANO|
1.0|98640.0|1.0|1.0|MIRAFLORES|4752|COMERCIO AL POR MENOR DE ARTICULOS DE FERRETERIA- PINTURAS Y PRODUCTOS DE VIDRIO EN ESTABLECIMIENTOS ESPECIALIZADOS|
1.0|0.0|0.0|2.0|NOBSA|4220|CONSTRUCCION DE PROYECTOS DE SERVICIO PUBLICO|
1.0|0.0|0.0|6.0|RIONEGRO|0141|CRIA DE GANADO BOVINO Y BUFALINO|
1.0|98640.0|1.0|1.0|CHIQUINQUIRA|8530|ESTABLECIMIENTOS QUE COMBINAN DIFERENTES NIVELES DE EDUCACION|
2.0|197280.0|5.0|1.0|SOGAMOSO|9601|LAVADO Y LIMPIEZA- INCLUSO LA LIMPIEZA EN SECO- DE PRODUCTOS TEXTILES Y DE PIEL|
1.0|164400.0|1.0|5.0|PAIPA|3120|FABRICACION DE COLCHONES Y SOMIERES|
1.0|0.0|1.0|1.0|FIRAVITOBA|9491|ACTIVIDADES DE ASOCIACIONES RELIGIOSAS|
1.0|65760.0|1.0|0.0|PAIPA|6820|ACTIVIDADES INMOBILIARIAS REALIZADAS A CAMBIO DE UNA RETRIBUCION O POR CONTRATA|
1.0|65760.0|0.0|1.0|MEDELLIN|2790|FABRICACION DE OTROS TIPOS DE EQUIPO ELECTRICO NCP|
1.0|0.0|0.0|2.0|TUNJA|2229|FABRICACION DE ARTICULOS DE PLASTICO NCP|
1.0|65760.0|2.0|0.0|UMBITA|4773|COMERCIO AL POR MENOR DE PRODUCTOS FARMACEUTICOS Y MEDICINALES- COSMETICOS Y ARTICULOS DE TOCADOR EN ESTABLECIMIENTOS ESPECIALIZADOS|
1.0|164400.0|8.0|4.0|SANTA ROSA DE VITERBO|4754|COMERCIO AL POR MENOR DE ELECTRODOMESTICOS Y GASODOMESTICOS DE USO DOMESTICO- MUEBLES Y EQUIPOS DE ILUMINACION|
1.0|493200.0|16.0|0.0|TIBASOSA|8890|OTRAS ACTIVIDADES DE ASISTENCIA SOCIAL SIN ALOJAMIENTO|
1.0|0.0|9.0|0.0|SANTA ROSA DE VITERB|8890|OTRAS ACTIVIDADES DE ASISTENCIA SOCIAL SIN ALOJAMIENTO|
1.0|295920.0|1.0|4.0|CHITARAQUE|3600|CAPTACION- TRATAMIENTO Y DISTRIBUCION DE AGUA|
1.0|65760.0|1.0|2.0|NOBSA|6130|ACTIVIDADES DE TELECOMUNICACION SATELITAL|
1.0|65760.0|1.0|0.0|VENTAQUEMADA|6020|ACTIVIDADES DE PROGRAMACION Y TRANSMISION DE TELEVISION|
1.0|0.0|0.0|1.0|GACHANTIVA|6190|OTRAS ACTIVIDADES DE TELECOMUNICACIONES|
1.0|0.0|0.0|0.0|TASCO|7020|ACTIVIDADES DE CONSULTARIA DE GESTION|
1.0|65760.0|2.0|5.0|VILLA DE LEYVA|8559|OTROS TIPOS DE EDUCACION NCP|
1.0|0.0|0.0|0.0|SUTAMARCHAN|0161|ACTIVIDADES DE APOYO A LA AGRICULTURA|
1.0|98640.0|0.0|2.0|RAMIRIQUI|4759|COMERCIO AL POR MENOR DE OTROS ARTICULOS DOMESTICOS EN ESTABLECIMIENTOS ESPECIALIZADOS|
1.0|131520.0|1.0|1.0|SOGAMOSO|5514|ALOJAMIENTO RURAL|
1.0|230160.0|3.0|0.0|SOATA|6910|ACTIVIDADES JURIDICAS|
1.0|131520.0|2.0|0.0|GARAGOA|5511|ALOJAMIENTO EN HOTELES|
1.0|65760.0|1.0|2.0|PAZ DEL RIO|1910|FABRICACION DE PRODUCTOS DE HORNOS DE COQUE|
1.0|164400.0|0.0|2.0|CHIQUINQUIRA|8559|OTROS TIPOS DE EDUCACION NCP|
1.0|32880.0|0.0|1.0|OTANCHE|8413|REGULACION DE LAS ACTIVIDADES DE ORGANISMOS QUE PRESTAN SERVICIOS DE SALUD- EDUCATIVOS- CULTURALES Y OTROS SERVICIOS SOCIALES- EXCEPTO SERVICIOS DE SEGURIDAD SOCIAL|
1.0|65760.0|1.0|1.0|MEDELLIN|2029|FABRICACION DE OTROS PRODUCTOS QUIMICOS NCP|
1.0|0.0|1.0|2.0|DUITAMA|3900|ACTIVIDADES DE SANEAMIENTO AMBIENTAL Y OTROS SERVICIOS DE GESTION DE DESECHOS|
1.0|164400.0|5.0|3.0|CIENEGA|8621|ACTIVIDADES DE LA PRACTICA MEDICA- SIN INTERNACION|
1.0|0.0|3.0|2.0|TIBASOSA|1020|PROCESAMIENTO Y CONSERVACION DE FRUTAS- LEGUMBRES- HORTALIZAS Y TUBERCULOS|
1.0|0.0|2.0|2.0|SIACHOQUE|4711|COMERCIO AL POR MENOR EN ESTABLECIMIENTOS NO ESPECIALIZADOS CON SURTIDO COMPUESTO PRINCIPALMENTE POR ALIMENTOS- BEBIDAS O TABACO|
1.0|197280.0|1.0|0.0|CHITARAQUE|4731|COMERCIO AL POR MENOR DE COMBUSTIBLE PARA AUTOMOTORES|
1.0|197280.0|4.0|8.0|CERINZA|1040|ELABORACION DE PRODUCTOS LACTEOS|
1.0|65760.0|2.0|3.0|SOCHA|9491|ACTIVIDADES DE ASOCIACIONES RELIGIOSAS|
1.0|1874160.0|33.0|13.0|TUNJA|8423|ORDEN PUBLICO Y ACTIVIDADES DE SEGURIDAD|
1.0|0.0|1.0|0.0|SORACA|9499|ACTIVIDADES DE OTRAS ASOCIACIONES NCP|
1.0|32880.0|0.0|2.0|DUITAMA|4789|COMERCIO AL POR MENOR DE OTROS PRODUCTOS EN PUESTOS DE VENTA MOVILES|
1.0|131520.0|0.0|7.0|PAIPA|8130|ACTIVIDADES DE PAISAJISMO Y SERVICIOS DE MANTENIMIENTO CONEXOS|
1.0|0.0|0.0|0.0|ENVIGADO|0240|SERVICIOS DE APOYO A LA SILVICULTURA|
1.0|65760.0|1.0|1.0|SUTAMARCHAN|6494|OTRAS ACTIVIDADES DE DISTRIBUCION DE FONDOS|
1.0|65760.0|0.0|4.0|SOATA|4632|COMERCIO AL POR MAYOR DE BEBIDAS Y TABACO|
1.0|263040.0|4.0|18.0|BARRANQUILLA|4321|INSTALACIONES ELECTRICAS|
1.0|32880.0|1.0|1.0|BARBOSA|5513|ALOJAMIENTO EN CENTROS VACACIONALES|
1.0|131520.0|6.0|14.0|LA VICTORIA|8412|ACTIVIDADES EJECUTIVAS DE LA ADMINISTRACION PUBLICA|
1.0|131520.0|7.0|16.0|CUITIVA|8413|REGULACION DE LAS ACTIVIDADES DE ORGANISMOS QUE PRESTAN SERVICIOS DE SALUD- EDUCATIVOS- CULTURALES Y OTROS SERVICIOS SOCIALES- EXCEPTO SERVICIOS DE SEGURIDAD SOCIAL|
1.0|32880.0|2.0|0.0|COMBITA|9491|ACTIVIDADES DE ASOCIACIONES RELIGIOSAS|
1.0|32880.0|0.0|3.0|SANTA ROSA DE VITERBO|3312|MANTENIMIENTO Y REPARACION ESPECIALIZADO DE MAQUINARIA Y EQUIPO|
1.0|32880.0|2.0|1.0|CERINZA|4711|COMERCIO AL POR MENOR EN ESTABLECIMIENTOS NO ESPECIALIZADOS CON SURTIDO COMPUESTO PRINCIPALMENTE POR ALIMENTOS- BEBIDAS O TABACO|
1.0|131520.0|1.0|2.0|PACHAVITA|3600|CAPTACION- TRATAMIENTO Y DISTRIBUCION DE AGUA|
1.0|65760.0|1.0|5.0|VILLA DE LEYVA|8130|ACTIVIDADES DE PAISAJISMO Y SERVICIOS DE MANTENIMIENTO CONEXOS|
1.0|65760.0|1.0|0.0|MIRAFLORES|8622|ACTIVIDADES DE LA PRACTICA ODONTOLOGICA|
1.0|0.0|2.0|4.0|DUITAMA|0142|CRIA DE CABALLOS Y OTROS EQUINOS|
1.0|0.0|0.0|0.0|MANIZALES|4664|COMERCIO AL POR MAYOR DE PRODUCTOS QUIMICOS BASICOS- CAUCHOS Y PLASTICOS EN FORMAS PRIMARIAS Y PRODUCTOS QUIMICOS DE USO AGROPECUARIO|
1.0|0.0|1.0|0.0|SOGAMOSO|9312|ACTIVIDADES DE CLUBES DEPORTIVOS|
1.0|32880.0|3.0|1.0|TIBASOSA|7020|ACTIVIDADES DE CONSULTARIA DE GESTION|
14.0|1709760.0|59.0|39.0|SOGAMOSO|4771|COMERCIO AL POR MENOR DE PRENDAS DE VESTIR Y SUS ACCESORIOS (INCLUYE ARTICULOS DE PIEL) EN ESTABLECIMIENTOS ESPECIALIZADOS|
21.0|35740560.0|137.0|1059.0|SOGAMOSO|4921|TRANSPORTE DE PASAJEROS|
2.0|65760.0|5.0|0.0|GARAGOA|8622|ACTIVIDADES DE LA PRACTICA ODONTOLOGICA|
2.0|197280.0|2.0|5.0|PUERTO BOYACA|4663|COMERCIO AL POR MAYOR DE MATERIALES DE CONSTRUCCION- ARTICULOS DE FERRETERIA- PINTURAS- PRODUCTOS DE VIDRIO- EQUIPO Y MATERIALES DE FONTANERIA Y CALEFACCION|
26.0|8548800.0|18.0|232.0|NOBSA|4923|TRANSPORTE DE CARGA POR CARRETERA|
2.0|32880.0|4.0|9.0|RONDON|8411|ACTIVIDADES LEGISLATIVAS DE LA ADMINISTRACION PUBLICA|
12.0|1891000.0|9.0|40.0|SANTAFE DE BOGOTA|0143|CRIA DE OVEJAS Y CABRAS|
3.0|32880.0|0.0|7.0|BARRANCABERMEJA|7110|ACTIVIDADES DE ARQUITECTURA E INGENIERIA Y OTRAS ACTIVIDADES CONEXAS DE CONSULTORIA TECNICA|
3.0|605120.0|7.0|31.0|TUNJA|0129|OTROS CULTIVOS PERMANENTES NCP|
7.0|1315200.0|16.0|18.0|VILLA DE LEYVA|4754|COMERCIO AL POR MENOR DE ELECTRODOMESTICOS Y GASODOMESTICOS DE USO DOMESTICO- MUEBLES Y EQUIPOS DE ILUMINACION|
2.0|0.0|0.0|0.0|CHIQUINQUIRA|0121|CULTIVO DE FRUTAS TROPICALES Y SUBTROPICALES|
1.0|131520.0|6.0|7.0|GAMEZA|1040|ELABORACION DE PRODUCTOS LACTEOS|
3.0|295920.0|2.0|10.0|DUITAMA|1090|ELABORACION DE ALIMENTOS PREPARADOS PARA ANIMALES|
2.0|328800.0|6.0|3.0|TIBANA|5511|ALOJAMIENTO EN HOTELES|
10.0|558960.0|16.0|29.0|DUITAMA|4721|COMERCIO AL POR MENOR DE PRODUCTOS AGRICOLAS PARA EL CONSUMO EN ESTABLECIMIENTOS ESPECIALIZADOS|
20.0|28737120.0|214.0|665.0|TUNJA|8010|ACTIVIDADES DE SEGURIDAD PRIVADA|
1.0|0.0|0.0|0.0|SOGAMOSO|3092|FABRICACION DE BICICLETAS Y DE SILLAS DE RUEDAS PARA PERSONAS CON DISCAPACIDAD|
7.0|7562400.0|435.0|444.0|SANTAFE DE BOGOTA|8413|REGULACION DE LAS ACTIVIDADES DE ORGANISMOS QUE PRESTAN SERVICIOS DE SALUD- EDUCATIVOS- CULTURALES Y OTROS SERVICIOS SOCIALES- EXCEPTO SERVICIOS DE SEGURIDAD SOCIAL|
1.0|65760.0|0.0|3.0|ARCABUCO|4721|COMERCIO AL POR MENOR DE PRODUCTOS AGRICOLAS PARA EL CONSUMO EN ESTABLECIMIENTOS ESPECIALIZADOS|
6.0|394560.0|7.0|15.0|SANTAFE DE BOGOTA|6209|OTRAS ACTIVIDADES DE TECNOLOGIAS DE INFORMACION Y ACTIVIDADES DE SERVICIOS INFORMATICOS|
2.0|2531760.0|11.0|55.0|PEREIRA|8010|ACTIVIDADES DE SEGURIDAD PRIVADA|
1.0|263040.0|1.0|8.0|AGUACHICA|4210|CONSTRUCCION DE CARRETERAS Y VIAS DE FERROCARRIL|
2.0|328800.0|6.0|1.0|BUCARAMANGA|8129|OTRAS ACTIVIDADES DE LIMPIEZA DE EDIFICIOS E INSTALACIONES INDUSTRIALES|
3.0|230160.0|3.0|2.0|SANTAFE DE BOGOTA|2229|FABRICACION DE ARTICULOS DE PLASTICO NCP|
2.0|0.0|3.0|0.0|MONIQUIRA|6920|ACTIVIDADES DE CONTABILIDAD- TENEDURIA DE LIBROS- AUDITORIA FINANCIERA Y ASESORIA TRIBUTARIA|
8.0|9765360.0|59.0|366.0|DUITAMA|5221|ACTIVIDADES DE ESTACIONES- VIAS Y SERVICIOS COMPLEMENTARIOS PARA EL TRANSPORTE TERRESTRE|
1.0|295920.0|16.0|2.0|SAN PABLO DE BORBUR|8621|ACTIVIDADES DE LA PRACTICA MEDICA- SIN INTERNACION|
2.0|361680.0|4.0|12.0|BARRANCABERMEJA|4290|CONSTRUCCION DE OTRAS OBRAS DE INGENIERIA CIVIL|
1.0|0.0|0.0|1.0|VENTAQUEMADA|0161|ACTIVIDADES DE APOYO A LA AGRICULTURA|
2.0|131520.0|1.0|1.0|ARCABUCO|9700|ACTIVIDADES DE LOS HOGARES INDIVIDUALES COMO EMPLEADORES DE PERSONAL DOMESTICO|
2.0|32880.0|1.0|2.0|VILLA DE LEYVA|7912|ACTIVIDADES DE OPERADORES TURISTICOS|
1.0|0.0|2.0|3.0|MEDELLIN|4719|COMERCIO AL POR MENOR EN ESTABLECIMIENTOS NO ESPECIALIZADOS- CON SURTIDO COMPUESTO PRINCIPALMENTE POR PRODUCTOS DIFERENTES DE ALIMENTOS (VIVERES EN GENERAL)- BEBIDAS Y TABACO|
2.0|65760.0|0.0|2.0|VILLA DE LEYVA|4923|TRANSPORTE DE CARGA POR CARRETERA|
1.0|65760.0|0.0|5.0|ENVIGADO|8010|ACTIVIDADES DE SEGURIDAD PRIVADA|
1.0|0.0|0.0|1.0|TURMEQUE|0121|CULTIVO DE FRUTAS TROPICALES Y SUBTROPICALES|
10.0|12264240.0|86.0|393.0|TUNJA|6190|OTRAS ACTIVIDADES DE TELECOMUNICACIONES|
1.0|1709760.0|9.0|39.0|TENJO|1101|DESTILACION- RECTIFICACION Y MEZCLA DE BEBIDAS ALCOHOLICAS|
4.0|328800.0|12.0|7.0|DUITAMA|8521|EDUCACION BASICA SECUNDARIA|
15.0|1413840.0|41.0|9.0|TUNJA|8692|ACTIVIDADES DE APOYO TERAPEUTICO|
1.0|98640.0|1.0|1.0|CALI|3514|COMERCIALIZACION DE ENERGIA ELECTRICA|
1.0|953520.0|4.0|23.0|COMBITA|4921|TRANSPORTE DE PASAJEROS|
1.0|32880.0|0.0|1.0|CUITIVA|9103|ACTIVIDADES DE JARDINES BOTANICOS- ZOOLOGICOS Y RESERVAS NATURALES|
13.0|23048880.0|215.0|474.0|DUITAMA|4620|COMERCIO AL POR MAYOR DE MATERIAS PRIMAS AGROPECUARIAS- ANIMALES VIVOS|
1.0|0.0|0.0|0.0|TENZA|4731|COMERCIO AL POR MENOR DE COMBUSTIBLE PARA AUTOMOTORES|
1.0|65760.0|0.0|1.0|VILLA DE LEYVA|5223|ACTIVIDADES DE AEROPUERTOS- SERVICIOS DE NAVEGACION AEREA Y DEMAS ACTIVIDADES CONEXAS AL TRANSPORTE AEREO|
1.0|113460.0|0.0|4.0|PUERTO BOYACA|0129|OTROS CULTIVOS PERMANENTES NCP|
6.0|361680.0|5.0|8.0|VILLA DE LEYVA|4663|COMERCIO AL POR MAYOR DE MATERIALES DE CONSTRUCCION- ARTICULOS DE FERRETERIA- PINTURAS- PRODUCTOS DE VIDRIO- EQUIPO Y MATERIALES DE FONTANERIA Y CALEFACCION|
1.0|0.0|1.0|1.0|TINJACA|9312|ACTIVIDADES DE CLUBES DEPORTIVOS|
5.0|164400.0|69.0|52.0|CHIQUINQUIRA|4751|COMERCIO AL POR MENOR DE PRODUCTOS TEXTILES EN ESTABLECIMIENTOS ESPECIALIZADOS|
1.0|0.0|0.0|0.0|MANIZALES|4530|COMERCIO DE PARTES- PIEZAS (AUTOPARTES) Y ACCESORIOS (LUJOS) PARA VEHICULOS AUTOMOTORES|
1.0|32880.0|0.0|0.0|SABANA DE TORRES|3312|MANTENIMIENTO Y REPARACION ESPECIALIZADO DE MAQUINARIA Y EQUIPO|
1.0|1545360.0|12.0|2.0|VILLAVICENCIO|8121|LIMPIEZA GENERAL INTERIOR DE EDIFICIOS|
14.0|20484240.0|1079.0|363.0|SOGAMOSO|8522|EDUCACION MEDIA ACADEMICA|
4.0|822000.0|31.0|3.0|PUERTO BOYACA|9609|OTRAS ACTIVIDADES DE SERVICIOS PERSONALES NCP|
8.0|361680.0|23.0|10.0|TUNJA|8523|EDUCACION MEDIA TECNICA Y DE FORMACION LABORAL|
2.0|394560.0|15.0|13.0|CHITARAQUE|8411|ACTIVIDADES LEGISLATIVAS DE LA ADMINISTRACION PUBLICA|
1.0|98640.0|8.0|5.0|SORA|8411|ACTIVIDADES LEGISLATIVAS DE LA ADMINISTRACION PUBLICA|
10.0|869860.0|4.0|34.0|PUERTO BOYACA|0150|EXPLOTACION MIXTA (AGRICOLA Y PECUARIA)|
1.0|0.0|1.0|3.0|BELEN|4631|COMERCIO AL POR MAYOR DE PRODUCTOS ALIMENTICIOS|
2.0|427440.0|6.0|6.0|SAMACA|1081|ELABORACION DE PRODUCTOS DE PANADERIA|
3.0|32880.0|3.0|3.0|PAIPA|6810|ACTIVIDADES INMOBILIARIAS REALIZADAS CON BIENES PROPIOS O ARRENDADOS|
1.0|131520.0|0.0|1.0|TIBASOSA|7490|OTRAS ACTIVIDADES PROFESIONALES- CIENTIFICAS Y TECNICAS NCP|
3.0|98640.0|3.0|5.0|DUITAMA|8553|ENSEÑNZA CULTURAL|
1.0|197280.0|1.0|6.0|DUITAMA|3320|INSTALACION ESPECIALIZADA DE MAQUINARIA Y EQUIPO INDUSTRIAL|
5.0|1183680.0|17.0|32.0|TUNJA|4652|COMERCIO AL POR MAYOR DE EQUIPO- PARTES Y PIEZAS ELECTRONICOS Y DE TELECOMUNICACIONES|
1.0|113460.0|1.0|2.0|SAMACA|0144|CRIA DE GANADO PORCINO|
1.0|0.0|0.0|0.0|TUNJA|4782|COMERCIO AL POR MENOR DE PRODUCTOS TEXTILES- PRENDAS DE VESTIR Y CALZADO- EN PUESTOS DE VENTA MOVILES|
1.0|0.0|0.0|1.0|CHIVOR|4731|COMERCIO AL POR MENOR DE COMBUSTIBLE PARA AUTOMOTORES|
8.0|3123600.0|34.0|78.0|SOGAMOSO|8413|REGULACION DE LAS ACTIVIDADES DE ORGANISMOS QUE PRESTAN SERVICIOS DE SALUD- EDUCATIVOS- CULTURALES Y OTROS SERVICIOS SOCIALES- EXCEPTO SERVICIOS DE SEGURIDAD SOCIAL|
1.0|0.0|0.0|0.0|NEIVA|4664|COMERCIO AL POR MAYOR DE PRODUCTOS QUIMICOS BASICOS- CAUCHOS Y PLASTICOS EN FORMAS PRIMARIAS Y PRODUCTOS QUIMICOS DE USO AGROPECUARIO|
1.0|32880.0|1.0|0.0|SANTAFE DE BOGOTA|4762|COMERCIO AL POR MENOR DE ARTICULOS DEPORTIVOS- EN ESTABLECIMIENTOS ESPECIALIZADOS|
5.0|98640.0|3.0|4.0|COMBITA|9700|ACTIVIDADES DE LOS HOGARES INDIVIDUALES COMO EMPLEADORES DE PERSONAL DOMESTICO|
1.0|189100.0|0.0|14.0|SAMACA|0220|EXTRACCION DE MADERA|
3.0|1479600.0|29.0|18.0|GARAGOA|8411|ACTIVIDADES LEGISLATIVAS DE LA ADMINISTRACION PUBLICA|
4.0|361680.0|12.0|15.0|CHIQUINQUIRA|8551|FORMACION ACADEMICA NO FORMAL|
2.0|0.0|1.0|0.0|CHIQUINQUIRA|9200|ACTIVIDADES DE JUEGOS DE AZAR Y APUESTAS|
1.0|98640.0|0.0|1.0|CIENEGA|8423|ORDEN PUBLICO Y ACTIVIDADES DE SEGURIDAD|
2.0|98640.0|1.0|4.0|AQUITANIA|4773|COMERCIO AL POR MENOR DE PRODUCTOS FARMACEUTICOS Y MEDICINALES- COSMETICOS Y ARTICULOS DE TOCADOR EN ESTABLECIMIENTOS ESPECIALIZADOS|
1.0|197280.0|5.0|4.0|CHIQUINQUIRA|6020|ACTIVIDADES DE PROGRAMACION Y TRANSMISION DE TELEVISION|
3.0|328800.0|5.0|8.0|SOGAMOSO|3520|PRODUCCION DE GAS- DISTRIBUCION DE COMBUSTIBLES GASEOSOS POR TUBERIAS|
7.0|394560.0|9.0|8.0|SANTAFE DE BOGOTA|6499|OTRAS ACTIVIDADES DE SERVICIO FINANCIERO- EXCEPTO LAS DE SEGUROS Y PENSIONES NCP|
1.0|164400.0|6.0|4.0|SANTAFE DE BOGOTA|9412|ACTIVIDADES DE ASOCIACIONES PROFESIONALES|
2.0|98640.0|4.0|10.0|SOGAMOSO|4653|COMERCIO AL POR MAYOR DE MAQUINARIA Y EQUIPO AGROPECUARIOS|
7.0|295920.0|6.0|1.0|SOGAMOSO|4645|COMERCIO AL POR MAYOR DE PRODUCTOS FARMACEUTICOS- MEDICINALES- COSMETICOS Y DE TOCADOR|
1.0|0.0|11.0|11.0|MONIQUIRA|8610|ACTIVIDADES DE HOSPITALES Y CLINICAS- CON INTERNACION|
3.0|491660.0|2.0|23.0|SANTAFE DE BOGOTA|0144|CRIA DE GANADO PORCINO|
1.0|0.0|0.0|1.0|YOPAL|9529|MANTENIMIENTO Y REPARACION DE OTROS EFECTOS PERSONALES Y ENSERES DOMESTICOS|
2.0|65760.0|0.0|0.0|CHIQUINQUIRA|7730|ALQUILER Y ARRENDAMIENTO DE OTROS TIPOS DE MAQUINARIA- EQUIPO Y BIENES TANGIBLES NCP|
5.0|427440.0|11.0|49.0|SOGAMOSO|4322|INSTALACIONES DE FONTANERIA- CALEFACCION Y AIRE ACONDICIONADO|
8.0|328800.0|13.0|13.0|DUITAMA|4741|COMERCIO AL POR MENOR DE COMPUTADORES- EQUIPOS PERIFERICOS- PROGRAMAS DE INFORMATICA Y EQUIPOS DE TELECOMUNICACIONES EN ESTABLECIMIENTOS ESPECIALIZADOS|
1.0|189100.0|1.0|3.0|PAIPA|0220|EXTRACCION DE MADERA|
1.0|32880.0|1.0|0.0|CHIQUINQUIRA|1052|ELABORACION DE ALMIDONES Y PRODUCTOS DERIVADOS DEL ALMIDON|
3.0|427440.0|3.0|9.0|TUNJA|3311|MANTENIMIENTO Y REPARACION ESPECIALIZADO DE PRODUCTOS ELABORADOS EN METAL|
1.0|32880.0|0.0|3.0|PUERTO BOYACA|7010|ACTIVIDADES DE ADMINISTRACION EMPRESARIAL|
1.0|2137200.0|35.0|17.0|SORACA|1089|ELABORACION DE OTROS PRODUCTOS ALIMENTICIOS NCP|
4.0|98640.0|0.0|4.0|COMBITA|4923|TRANSPORTE DE CARGA POR CARRETERA|
1.0|0.0|0.0|1.0|FIRAVITOBA|0990|ACTIVIDADES DE APOYO PARA OTRAS ACTIVIDADES DE EXPLOTACION DE MINAS Y CANTERAS|
1.0|0.0|1.0|0.0|MIRAFLORES|6920|ACTIVIDADES DE CONTABILIDAD- TENEDURIA DE LIBROS- AUDITORIA FINANCIERA Y ASESORIA TRIBUTARIA|
5.0|263040.0|7.0|1.0|DUITAMA|5619|OTROS TIPOS DE EXPENDIO DE COMIDAS PREPARADAS NCP|
1.0|0.0|8.0|21.0|BELENCITO|2410|INDUSTRIAS BASICAS DE HIERRO Y DE ACERO|
1.0|32880.0|0.0|2.0|SIMIJACA|8413|REGULACION DE LAS ACTIVIDADES DE ORGANISMOS QUE PRESTAN SERVICIOS DE SALUD- EDUCATIVOS- CULTURALES Y OTROS SERVICIOS SOCIALES- EXCEPTO SERVICIOS DE SEGURIDAD SOCIAL|
2.0|189100.0|0.0|5.0|SANTAFE DE BOGOTA|0119|OTROS CULTIVOS TRANSITORIOS NCP|
5.0|526080.0|10.0|5.0|SANTAFE DE BOGOTA|8129|OTRAS ACTIVIDADES DE LIMPIEZA DE EDIFICIOS E INSTALACIONES INDUSTRIALES|
1.0|0.0|0.0|1.0|GUATEQUE|6621|ACTIVIDADES DE AGENTES Y CORREDORES DE SEGUROS|
4.0|526080.0|27.0|11.0|TUNJA|6512|SEGUROS DE VIDA|
1.0|0.0|0.0|0.0|JENESANO|5611|EXPENDIO A LA MESA DE COMIDAS PREPARADAS|
1.0|98640.0|1.0|9.0|TULUA|6209|OTRAS ACTIVIDADES DE TECNOLOGIAS DE INFORMACION Y ACTIVIDADES DE SERVICIOS INFORMATICOS|
4.0|2202960.0|48.0|21.0|CHIQUINQUIRA|8699|OTRAS ACTIVIDADES DE ATENCION DE LA SALUD HUMANA|
1.0|113460.0|0.0|5.0|PAIPA|0122|CULTIVO DE PLATANO Y BANANO|
2.0|1413840.0|15.0|17.0|TIPACOQUE|8413|REGULACION DE LAS ACTIVIDADES DE ORGANISMOS QUE PRESTAN SERVICIOS DE SALUD- EDUCATIVOS- CULTURALES Y OTROS SERVICIOS SOCIALES- EXCEPTO SERVICIOS DE SEGURIDAD SOCIAL|
1.0|37820.0|0.0|1.0|BARRANQUILLA|0141|CRIA DE GANADO BOVINO Y BUFALINO|
1.0|0.0|0.0|1.0|SANTAFE DE BOGOTA|3320|INSTALACION ESPECIALIZADA DE MAQUINARIA Y EQUIPO INDUSTRIAL|
1.0|65760.0|2.0|1.0|PUERTO BOYACA|4644|COMERCIO AL POR MAYOR DE APARATOS Y EQUIPO DE USO DOMESTICO|
1.0|65760.0|10.0|2.0|SOGAMOSO|6202|ACTIVIDADES DE CONSULTORIA INFORMATICA Y ACTIVIDADES DE ADMINISTRACION DE INSTALACIONES INFORMATICAS|
1.0|0.0|1.0|2.0|ARCABUCO|4722|COMERCIO AL POR MENOR DE LECHE- PRODUCTOS LACTEOS Y HUEVOS- EN ESTABLECIMIENTOS ESPECIALIZADOS|
2.0|1052160.0|25.0|32.0|MONIQUIRA|8411|ACTIVIDADES LEGISLATIVAS DE LA ADMINISTRACION PUBLICA|
1.0|0.0|0.0|1.0|SOGAMOSO|0162|ACTIVIDADES DE APOYO A LA GANADERIA|
1.0|0.0|0.0|1.0|FUNDACION|4729|COMERCIO AL POR MENOR DE OTROS PRODUCTOS ALIMENTICIOS NCP- EN ESTABLECIMIENTOS ESPECIALIZADOS|
5.0|822000.0|14.0|12.0|GUATEQUE|4711|COMERCIO AL POR MENOR EN ESTABLECIMIENTOS NO ESPECIALIZADOS CON SURTIDO COMPUESTO PRINCIPALMENTE POR ALIMENTOS- BEBIDAS O TABACO|
1.0|65760.0|1.0|1.0|PAIPA|4732|COMERCIO AL POR MENOR DE LUBRICANTES (ACEITES- GRASAS)- ADITIVOS Y PRODUCTOS DE LIMPIEZA PARA VEHICULOS AUTOMOTORES|
5.0|460320.0|6.0|9.0|SANTAFE DE BOGOTA|6494|OTRAS ACTIVIDADES DE DISTRIBUCION DE FONDOS|
1.0|493200.0|2.0|8.0|JENESANO|4530|COMERCIO DE PARTES- PIEZAS (AUTOPARTES) Y ACCESORIOS (LUJOS) PARA VEHICULOS AUTOMOTORES|
1.0|65760.0|1.0|0.0|COTA|2023|FABRICACION DE JABONES Y DETERGENTES- PREPARADOS PARA LIMPIAR Y PULIR- PERFUMES Y PREPARADOS DE TOCADOR|
1.0|0.0|1.0|4.0|PAIPA|2790|FABRICACION DE OTROS TIPOS DE EQUIPO ELECTRICO NCP|
1.0|32880.0|4.0|3.0|PAZ DEL RIO|8621|ACTIVIDADES DE LA PRACTICA MEDICA- SIN INTERNACION|
1.0|0.0|0.0|2.0|PAIPA|8211|ACTIVIDADES COMBINADAS DE SERVICIOS ADMINISTRATIVOS DE OFICINA|
1.0|65760.0|0.0|1.0|CHIVATA|9700|ACTIVIDADES DE LOS HOGARES INDIVIDUALES COMO EMPLEADORES DE PERSONAL DOMESTICO|
7.0|197280.0|5.0|11.0|PAEZ|4290|CONSTRUCCION DE OTRAS OBRAS DE INGENIERIA CIVIL|
2.0|230160.0|0.0|7.0|SANTA ROSA DE VITERBO|8110|ACTIVIDADES COMBINADAS DE APOYO A INSTALACIONES|
1.0|197280.0|3.0|2.0|PUERTO BOYACA|8523|EDUCACION MEDIA TECNICA Y DE FORMACION LABORAL|
1.0|37820.0|2.0|3.0|DUITAMA|0121|CULTIVO DE FRUTAS TROPICALES Y SUBTROPICALES|
1.0|460320.0|24.0|1.0|SOCOTA|9499|ACTIVIDADES DE OTRAS ASOCIACIONES NCP|
1.0|0.0|0.0|0.0|PAEZ|9499|ACTIVIDADES DE OTRAS ASOCIACIONES NCP|
2.0|756240.0|4.0|65.0|MARIPI|0820|EXTRACCION DE ESMERALDAS- PIEDRAS PRECIOSAS Y SEMIPRECIOSAS|
2.0|32880.0|0.0|8.0|PUERTO BOYACA|3811|RECOLECCION DE DESECHOS NO PELIGROSOS|
2.0|0.0|0.0|3.0|CHIQUINQUIRA|4721|COMERCIO AL POR MENOR DE PRODUCTOS AGRICOLAS PARA EL CONSUMO EN ESTABLECIMIENTOS ESPECIALIZADOS|
1.0|2926320.0|34.0|233.0|DUITAMA|1103|PRODUCCION DE MALTA- ELABORACION DE CERVEZAS Y OTRAS BEBIDAS MALTEADAS|
1.0|0.0|0.0|0.0|CUCUTA|4923|TRANSPORTE DE CARGA POR CARRETERA|
2.0|230160.0|0.0|9.0|SAMACA|4322|INSTALACIONES DE FONTANERIA- CALEFACCION Y AIRE ACONDICIONADO|
3.0|131520.0|4.0|6.0|TUNJA|4775|COMERCIO AL POR MENOR DE ARTICULOS DE SEGUNDA MANO|
2.0|131520.0|2.0|7.0|JENESANO|6810|ACTIVIDADES INMOBILIARIAS REALIZADAS CON BIENES PROPIOS O ARRENDADOS|
1.0|65760.0|1.0|1.0|JENESANO|4773|COMERCIO AL POR MENOR DE PRODUCTOS FARMACEUTICOS Y MEDICINALES- COSMETICOS Y ARTICULOS DE TOCADOR EN ESTABLECIMIENTOS ESPECIALIZADOS|
1.0|131520.0|3.0|4.0|CUCAITA|4731|COMERCIO AL POR MENOR DE COMBUSTIBLE PARA AUTOMOTORES|
2.0|230160.0|4.0|0.0|DUITAMA|3120|FABRICACION DE COLCHONES Y SOMIERES|
1.0|65760.0|2.0|0.0|TUNJA|5819|OTROS TRABAJOS DE EDICION|
3.0|226920.0|5.0|8.0|FIRAVITOBA|0141|CRIA DE GANADO BOVINO Y BUFALINO|
1.0|32880.0|2.0|0.0|SANTAFE DE BOGOTA|1313|ACABADO DE PRODUCTOS TEXTILES|
1.0|32880.0|1.0|2.0|CHIQUINQUIRA|7500|ACTIVIDADES VETERINARIAS|
1.0|723360.0|4.0|38.0|BUCARAMANGA|7210|INVESTIGACIONES Y DESARROLLO EXPERIMENTAL EN EL CAMPO DE LAS CIENCIAS NATURALES Y LA INGENIERIA|
1.0|295920.0|3.0|11.0|OTANCHE|8010|ACTIVIDADES DE SEGURIDAD PRIVADA|
2.0|65760.0|3.0|1.0|RAMIRIQUI|4530|COMERCIO DE PARTES- PIEZAS (AUTOPARTES) Y ACCESORIOS (LUJOS) PARA VEHICULOS AUTOMOTORES|
2.0|0.0|0.0|0.0|BARRANQUILLA|4923|TRANSPORTE DE CARGA POR CARRETERA|
1.0|0.0|0.0|1.0|PANQUEBA|3600|CAPTACION- TRATAMIENTO Y DISTRIBUCION DE AGUA|
1.0|32880.0|1.0|0.0|PAZ DEL RIO|4719|COMERCIO AL POR MENOR EN ESTABLECIMIENTOS NO ESPECIALIZADOS- CON SURTIDO COMPUESTO PRINCIPALMENTE POR PRODUCTOS DIFERENTES DE ALIMENTOS (VIVERES EN GENERAL)- BEBIDAS Y TABACO|
3.0|624720.0|9.0|19.0|PUERTO BOYACA|4731|COMERCIO AL POR MENOR DE COMBUSTIBLE PARA AUTOMOTORES|
2.0|131520.0|6.0|1.0|BUCARAMANGA|1051|ELABORACION DE PRODUCTOS DE MOLINERIA|
3.0|98640.0|5.0|1.0|CHIQUINQUIRA|4610|COMERCIO AL POR MAYOR A CAMBIO DE UNA RETRIBUCION O POR CONTRATA|
3.0|98640.0|2.0|2.0|TOCA|9700|ACTIVIDADES DE LOS HOGARES INDIVIDUALES COMO EMPLEADORES DE PERSONAL DOMESTICO|
1.0|98640.0|1.0|1.0|PAEZ|4731|COMERCIO AL POR MENOR DE COMBUSTIBLE PARA AUTOMOTORES|
1.0|0.0|1.0|2.0|TUTA|6120|ACTIVIDADES DE TELECOMUNICACIONES INALAMBRICAS|
1.0|164400.0|5.0|4.0|TUNJA|7210|INVESTIGACIONES Y DESARROLLO EXPERIMENTAL EN EL CAMPO DE LAS CIENCIAS NATURALES Y LA INGENIERIA|
1.0|32880.0|1.0|0.0|LA ESTRELLA|4541|COMERCIO DE MOTOCICLETAS Y DE SUS PARTES- PIEZAS Y ACCESORIOS|
1.0|32880.0|1.0|1.0|RAMIRIQUI|6110|ACTIVIDADES DE TELECOMUNICACIONES ALAMBRICAS|
1.0|0.0|0.0|1.0|TUNJA|4651|COMERCIO AL POR MAYOR DE COMPUTADORES- EQUIPO PERIFERICO Y PROGRAMAS DE INFORMATICA|
1.0|32880.0|0.0|1.0|MONIQUIRA|7710|ALQUILER Y ARRENDAMIENTO DE VEHICULOS AUTOMOTORES|
2.0|756240.0|11.0|17.0|SAN PABLO DE BORBUR|8411|ACTIVIDADES LEGISLATIVAS DE LA ADMINISTRACION PUBLICA|
1.0|0.0|0.0|1.0|VILLA DE LEYVA|5630|EXPENDIO DE BEBIDAS ALCOHOLICAS PARA EL CONSUMO DENTRO DEL ESTABLECIMIENTO|
1.0|0.0|0.0|2.0|OTANCHE|4111|CONSTRUCCION DE EDIFICIOS RESIDENCIALES|
1.0|0.0|1.0|0.0|DUITAMA|6020|ACTIVIDADES DE PROGRAMACION Y TRANSMISION DE TELEVISION|
1.0|0.0|0.0|0.0|SAN MATEO|9499|ACTIVIDADES DE OTRAS ASOCIACIONES NCP|
1.0|0.0|1.0|0.0|SAN LUIS DE GACENO|6910|ACTIVIDADES JURIDICAS|
1.0|0.0|1.0|1.0|SUTATENZA|7310|PUBLICIDAD|
1.0|32880.0|2.0|2.0|SOGAMOSO|7830|OTRAS ACTIVIDADES DE SUMINISTRO DE RECURSO HUMANO|
1.0|0.0|0.0|2.0|CHIQUINQUIRA|6110|ACTIVIDADES DE TELECOMUNICACIONES ALAMBRICAS|
5.0|361680.0|6.0|14.0|SOGAMOSO|4741|COMERCIO AL POR MENOR DE COMPUTADORES- EQUIPOS PERIFERICOS- PROGRAMAS DE INFORMATICA Y EQUIPOS DE TELECOMUNICACIONES EN ESTABLECIMIENTOS ESPECIALIZADOS|
1.0|0.0|0.0|0.0|VILLAVICENCIO|8299|OTRAS ACTIVIDADES DE SERVICIO DE APOYO A LAS EMPRESAS NCP|
1.0|131520.0|1.0|1.0|MIRAFLORES|8413|REGULACION DE LAS ACTIVIDADES DE ORGANISMOS QUE PRESTAN SERVICIOS DE SALUD- EDUCATIVOS- CULTURALES Y OTROS SERVICIOS SOCIALES- EXCEPTO SERVICIOS DE SEGURIDAD SOCIAL|
1.0|378200.0|1.0|4.0|IZA|0143|CRIA DE OVEJAS Y CABRAS|
1.0|65760.0|2.0|4.0|SOGAMOSO|9529|MANTENIMIENTO Y REPARACION DE OTROS EFECTOS PERSONALES Y ENSERES DOMESTICOS|
1.0|131520.0|0.0|4.0|SAMACA|3520|PRODUCCION DE GAS- DISTRIBUCION DE COMBUSTIBLES GASEOSOS POR TUBERIAS|
1.0|164400.0|4.0|1.0|PUERTO TEJADA|2012|FABRICACION DE ABONOS Y COMPUESTOS INORGANICOS NITROGENADOS|
1.0|953520.0|16.0|7.0|TIBANA|8610|ACTIVIDADES DE HOSPITALES Y CLINICAS- CON INTERNACION|
1.0|427440.0|3.0|3.0|SOATA|3600|CAPTACION- TRATAMIENTO Y DISTRIBUCION DE AGUA|
2.0|164400.0|5.0|5.0|SOATA|4754|COMERCIO AL POR MENOR DE ELECTRODOMESTICOS Y GASODOMESTICOS DE USO DOMESTICO- MUEBLES Y EQUIPOS DE ILUMINACION|
1.0|32880.0|3.0|8.0|DUITAMA|2712|FABRICACION DE APARATOS DE DISTRIBUCION Y CONTROL DE LA ENERGIA ELECTRICA|
1.0|65760.0|1.0|0.0|BARRANQUILLA|6514|CAPITALIZACION|
1.0|493200.0|3.0|13.0|OICATA|2392|FABRICACION DE MATERIALES DE ARCILLA PARA LA CONSTRUCCION|
1.0|263040.0|11.0|6.0|DUITAMA|5811|EDICION DE LIBROS|
1.0|295920.0|2.0|6.0|SOCHA|4653|COMERCIO AL POR MAYOR DE MAQUINARIA Y EQUIPO AGROPECUARIOS|
1.0|98640.0|12.0|5.0|CHIA|4620|COMERCIO AL POR MAYOR DE MATERIAS PRIMAS AGROPECUARIAS- ANIMALES VIVOS|
1.0|98640.0|2.0|1.0|SANTANA|4711|COMERCIO AL POR MENOR EN ESTABLECIMIENTOS NO ESPECIALIZADOS CON SURTIDO COMPUESTO PRINCIPALMENTE POR ALIMENTOS- BEBIDAS O TABACO|
1.0|0.0|5.0|0.0|SANTANA|8621|ACTIVIDADES DE LA PRACTICA MEDICA- SIN INTERNACION|
1.0|263040.0|6.0|20.0|CHIVATA|3700|EVACUACION Y TRATAMIENTO DE AGUAS RESIDUALES|
1.0|0.0|1.0|0.0|SAN EDUARDO|5511|ALOJAMIENTO EN HOTELES|
1.0|32880.0|1.0|1.0|MACANAL|8412|ACTIVIDADES EJECUTIVAS DE LA ADMINISTRACION PUBLICA|
1.0|0.0|2.0|1.0|SANTANA|8412|ACTIVIDADES EJECUTIVAS DE LA ADMINISTRACION PUBLICA|
1.0|75640.0|1.0|3.0|SAN MIGUEL|0141|CRIA DE GANADO BOVINO Y BUFALINO|
1.0|624720.0|20.0|3.0|SAMACA|8521|EDUCACION BASICA SECUNDARIA|
1.0|0.0|1.0|0.0|GARAGOA|8522|EDUCACION MEDIA ACADEMICA|
1.0|32880.0|0.0|0.0|MADRID|2023|FABRICACION DE JABONES Y DETERGENTES- PREPARADOS PARA LIMPIAR Y PULIR- PERFUMES Y PREPARADOS DE TOCADOR|
1.0|0.0|1.0|1.0|MONIQUIRA|1020|PROCESAMIENTO Y CONSERVACION DE FRUTAS- LEGUMBRES- HORTALIZAS Y TUBERCULOS|
1.0|98640.0|2.0|4.0|RAMIRIQUI|4752|COMERCIO AL POR MENOR DE ARTICULOS DE FERRETERIA- PINTURAS Y PRODUCTOS DE VIDRIO EN ESTABLECIMIENTOS ESPECIALIZADOS|
1.0|0.0|0.0|0.0|NOBSA|8513|EDUCACION BASICA PRIMARIA|
1.0|164400.0|1.0|1.0|ZIPAQUIRA|2012|FABRICACION DE ABONOS Y COMPUESTOS INORGANICOS NITROGENADOS|
2.0|361680.0|9.0|8.0|NOBSA|5511|ALOJAMIENTO EN HOTELES|
1.0|394560.0|8.0|0.0|SOGAMOSO|1082|ELABORACION DE CACAO- CHOCOLATE Y PRODUCTOS DE CONFITERIA|
1.0|0.0|0.0|0.0|LA DORADA|8622|ACTIVIDADES DE LA PRACTICA ODONTOLOGICA|
1.0|1216560.0|24.0|16.0|GUICAN|8610|ACTIVIDADES DE HOSPITALES Y CLINICAS- CON INTERNACION|
2.0|526080.0|10.0|13.0|SUTATENZA|8411|ACTIVIDADES LEGISLATIVAS DE LA ADMINISTRACION PUBLICA|
1.0|131520.0|0.0|1.0|TUTA|5611|EXPENDIO A LA MESA DE COMIDAS PREPARADAS|
1.0|65760.0|1.0|1.0|QUIPAMA|8415|ACTIVIDADES DE LOS OTROS ORGANOS DE CONTROL|
1.0|65760.0|1.0|0.0|VILLA DE LEYVA|4210|CONSTRUCCION DE CARRETERAS Y VIAS DE FERROCARRIL|
1.0|164400.0|2.0|2.0|MALAMBO|5210|ALMACENAMIENTO Y DEPOSITO|
1.0|0.0|0.0|1.0|NEIVA|8129|OTRAS ACTIVIDADES DE LIMPIEZA DE EDIFICIOS E INSTALACIONES INDUSTRIALES|
1.0|98640.0|1.0|0.0|BUCARAMANGA|2670|FABRICACION DE INSTRUMENTOS OPTICOS Y EQUIPO FOTOGRAFICO|
1.0|32880.0|0.0|1.0|GUICAN|4754|COMERCIO AL POR MENOR DE ELECTRODOMESTICOS Y GASODOMESTICOS DE USO DOMESTICO- MUEBLES Y EQUIPOS DE ILUMINACION|
2.0|1019280.0|16.0|22.0|MONIQUIRA|1089|ELABORACION DE OTROS PRODUCTOS ALIMENTICIOS NCP|
1.0|0.0|1.0|0.0|ITAGUI|4530|COMERCIO DE PARTES- PIEZAS (AUTOPARTES) Y ACCESORIOS (LUJOS) PARA VEHICULOS AUTOMOTORES|
2.0|131520.0|1.0|4.0|DUITAMA|4210|CONSTRUCCION DE CARRETERAS Y VIAS DE FERROCARRIL|
1.0|591840.0|5.0|37.0|BARRANCABERMEJA|3311|MANTENIMIENTO Y REPARACION ESPECIALIZADO DE PRODUCTOS ELABORADOS EN METAL|
2.0|65760.0|1.0|1.0|COTA|4620|COMERCIO AL POR MAYOR DE MATERIAS PRIMAS AGROPECUARIAS- ANIMALES VIVOS|
1.0|98640.0|3.0|4.0|BETEITIVA|8610|ACTIVIDADES DE HOSPITALES Y CLINICAS- CON INTERNACION|
1.0|230160.0|1.0|2.0|COMBITA|4711|COMERCIO AL POR MENOR EN ESTABLECIMIENTOS NO ESPECIALIZADOS CON SURTIDO COMPUESTO PRINCIPALMENTE POR ALIMENTOS- BEBIDAS O TABACO|
1.0|295920.0|2.0|11.0|MIRAFLORES|3600|CAPTACION- TRATAMIENTO Y DISTRIBUCION DE AGUA|
1.0|32880.0|1.0|0.0|SORACA|4752|COMERCIO AL POR MENOR DE ARTICULOS DE FERRETERIA- PINTURAS Y PRODUCTOS DE VIDRIO EN ESTABLECIMIENTOS ESPECIALIZADOS|
2.0|164400.0|0.0|12.0|SOGAMOSO|3900|ACTIVIDADES DE SANEAMIENTO AMBIENTAL Y OTROS SERVICIOS DE GESTION DE DESECHOS|
1.0|1413840.0|91.0|26.0|GUATEQUE|8610|ACTIVIDADES DE HOSPITALES Y CLINICAS- CON INTERNACION|
1.0|0.0|0.0|0.0|SANTA MARIA|4322|INSTALACIONES DE FONTANERIA- CALEFACCION Y AIRE ACONDICIONADO|
1.0|0.0|2.0|0.0|NOBSA|1101|DESTILACION- RECTIFICACION Y MEZCLA DE BEBIDAS ALCOHOLICAS|
1.0|460320.0|8.0|13.0|BOAVITA|8411|ACTIVIDADES LEGISLATIVAS DE LA ADMINISTRACION PUBLICA|
2.0|263040.0|11.0|10.0|QUIPAMA|8411|ACTIVIDADES LEGISLATIVAS DE LA ADMINISTRACION PUBLICA|
1.0|65760.0|4.0|1.0|AQUITANIA|9491|ACTIVIDADES DE ASOCIACIONES RELIGIOSAS|
1.0|65760.0|0.0|1.0|TUNJA|0910|ACTIVIDADES DE APOYO PARA LA EXTRACCION DE PETROLEO Y DE GAS NATURAL|
1.0|98640.0|0.0|2.0|RAMIRIQUI|1610|ASERRADO- ACEPILLADO E IMPREGNACION DE LA MADERA|
1.0|756240.0|29.0|13.0|CALI|8699|OTRAS ACTIVIDADES DE ATENCION DE LA SALUD HUMANA|
2.0|0.0|0.0|1.0|VILLA DE LEYVA|4723|COMERCIO AL POR MENOR DE CARNES (INCLUYE AVES DE CORRAL)- PRODUCTOS CARNICOS- PESCADOS Y PRODUCTOS DE MAR- EN ESTABLECIMIENTOS ESPECIALIZADOS|
1.0|164400.0|0.0|5.0|TENJO|4923|TRANSPORTE DE CARGA POR CARRETERA|
4.0|263040.0|12.0|3.0|PUERTO BOYACA|5611|EXPENDIO A LA MESA DE COMIDAS PREPARADAS|
1.0|0.0|1.0|3.0|TUTA|0143|CRIA DE OVEJAS Y CABRAS|
1.0|0.0|0.0|1.0|PALMIRA|2011|FABRICACION DE SUSTANCIAS Y PRODUCTOS QUIMICOS BASICOS|
1.0|0.0|1.0|0.0|MONIQUIRA|7010|ACTIVIDADES DE ADMINISTRACION EMPRESARIAL|
1.0|98640.0|2.0|1.0|MIRAFLORES|5611|EXPENDIO A LA MESA DE COMIDAS PREPARADAS|
1.0|0.0|0.0|2.0|VILLA DE LEYVA|1103|PRODUCCION DE MALTA- ELABORACION DE CERVEZAS Y OTRAS BEBIDAS MALTEADAS|
1.0|0.0|4.0|0.0|MONIQUIRA|4774|COMERCIO AL POR MENOR DE OTROS PRODUCTOS NUEVOS EN ESTABLECIMIENTOS ESPECIALIZADOS|
1.0|98640.0|0.0|5.0|SORACA|4731|COMERCIO AL POR MENOR DE COMBUSTIBLE PARA AUTOMOTORES|
1.0|98640.0|0.0|2.0|CALI|4921|TRANSPORTE DE PASAJEROS|
1.0|0.0|1.0|0.0|BERBEO|6499|OTRAS ACTIVIDADES DE SERVICIO FINANCIERO- EXCEPTO LAS DE SEGUROS Y PENSIONES NCP|
1.0|98640.0|0.0|4.0|SANTAFE DE BOGOTA|9004|CREACION AUDIOVISUAL|
1.0|263040.0|10.0|4.0|MACANAL|6424|ACTIVIDADES DE LAS COOPERATIVAS FINANCIERAS|
1.0|0.0|1.0|5.0|SANTAFE DE BOGOTA|5530|SERVICIO POR HORAS|
1.0|32880.0|0.0|2.0|TOTA|8411|ACTIVIDADES LEGISLATIVAS DE LA ADMINISTRACION PUBLICA|
1.0|0.0|0.0|1.0|MOTAVITA|4111|CONSTRUCCION DE EDIFICIOS RESIDENCIALES|
1.0|0.0|0.0|3.0|SAMACA|0710|EXTRACCION DE MINERALES DE HIERRO|
1.0|295920.0|8.0|3.0|CAMPOHERMOSO|8610|ACTIVIDADES DE HOSPITALES Y CLINICAS- CON INTERNACION|
1.0|0.0|1.0|1.0|GARAGOA|9512|MANTENIMIENTO Y REPARACION DE EQUIPOS DE COMUNICACION|
1.0|32880.0|3.0|2.0|SANTAFE DE BOGOTA|8421|RELACIONES EXTERIORES|
1.0|65760.0|1.0|0.0|SOLEDAD|3290|OTRAS INDUSTRIAS MANUFACTURERAS NCP|
1.0|197280.0|7.0|13.0|VILLA DE LEYVA|1082|ELABORACION DE CACAO- CHOCOLATE Y PRODUCTOS DE CONFITERIA|
1.0|65760.0|1.0|4.0|TUNJA|4512|COMERCIO DE VEHICULOS AUTOMOTORES USADOS|
1.0|98640.0|1.0|1.0|GARAGOA|9603|POMPAS FUNEBRES Y ACTIVIDADES RELACIONADAS|
1.0|197280.0|4.0|2.0|FLORIDABLANCA|8621|ACTIVIDADES DE LA PRACTICA MEDICA- SIN INTERNACION|
1.0|75640.0|0.0|1.0|CHIQUINQUIRA|0230|RECOLECCION DE PRODUCTOS FORESTALES DIFERENTES A LA MADERA|
1.0|0.0|0.0|0.0|MONIQUIRA|5514|ALOJAMIENTO RURAL|
1.0|0.0|1.0|0.0|TUNJA|9412|ACTIVIDADES DE ASOCIACIONES PROFESIONALES|
1.0|1019280.0|5.0|37.0|PAUNA|4210|CONSTRUCCION DE CARRETERAS Y VIAS DE FERROCARRIL|
1.0|0.0|1.0|0.0|GUATEQUE|1084|ELABORACION DE COMIDAS Y PLATOS PREPARADOS|
1.0|0.0|0.0|1.0|SANTAFE DE BOGOTA|2022|FABRICACION DE PINTURAS- BARNICES Y REVESTIMIENTOS SIMILARES- TINTAS PARA IMPRESION Y MASILLAS|
1.0|32880.0|1.0|0.0|BELLO|4644|COMERCIO AL POR MAYOR DE APARATOS Y EQUIPO DE USO DOMESTICO|
1.0|98640.0|0.0|3.0|YUMBO|4923|TRANSPORTE DE CARGA POR CARRETERA|
1.0|0.0|0.0|1.0|VENTAQUEMADA|8415|ACTIVIDADES DE LOS OTROS ORGANOS DE CONTROL|
1.0|0.0|0.0|0.0|SANTA MARIA|7110|ACTIVIDADES DE ARQUITECTURA E INGENIERIA Y OTRAS ACTIVIDADES CONEXAS DE CONSULTORIA TECNICA|
1.0|723360.0|15.0|14.0|SABOYA|8411|ACTIVIDADES LEGISLATIVAS DE LA ADMINISTRACION PUBLICA|
1.0|32880.0|4.0|2.0|PAIPA|7911|ACTIVIDADES DE LAS AGENCIAS DE VIAJE|
1.0|37820.0|1.0|0.0|TABIO|0128|CULTIVO DE ESPECIAS Y DE PLANTAS AROMATICAS Y MEDICINALES|
1.0|493200.0|0.0|0.0|QUIPAMA|4220|CONSTRUCCION DE PROYECTOS DE SERVICIO PUBLICO|
1.0|131520.0|0.0|4.0|DUITAMA|4329|OTRAS INSTALACIONES ESPECIALIZADAS|
1.0|0.0|2.0|9.0|MARIPI|4290|CONSTRUCCION DE OTRAS OBRAS DE INGENIERIA CIVIL|
1.0|460320.0|7.0|6.0|RAQUIRA|8610|ACTIVIDADES DE HOSPITALES Y CLINICAS- CON INTERNACION|
1.0|65760.0|3.0|7.0|DUITAMA|5911|ACTIVIDADES DE PRODUCCION DE PELICULAS CINEMATOGRAFICAS- VIDEOS- PROGRAMAS- ANUNCIOS Y COMERCIALES DE TELEVISION|
1.0|32880.0|1.0|10.0|SAMACA|3314|MANTENIMIENTO Y REPARACION ESPECIALIZADO DE EQUIPO ELECTRICO|
1.0|1216560.0|20.0|17.0|MEDELLIN|8299|OTRAS ACTIVIDADES DE SERVICIO DE APOYO A LAS EMPRESAS NCP|
1.0|0.0|0.0|0.0|MIRAFLORES|4729|COMERCIO AL POR MENOR DE OTROS PRODUCTOS ALIMENTICIOS NCP- EN ESTABLECIMIENTOS ESPECIALIZADOS|
1.0|0.0|0.0|1.0|ARCABUCO|4664|COMERCIO AL POR MAYOR DE PRODUCTOS QUIMICOS BASICOS- CAUCHOS Y PLASTICOS EN FORMAS PRIMARIAS Y PRODUCTOS QUIMICOS DE USO AGROPECUARIO|
1.0|65760.0|0.0|1.0|PUERTO BOYACA|7490|OTRAS ACTIVIDADES PROFESIONALES- CIENTIFICAS Y TECNICAS NCP|
1.0|0.0|1.0|0.0|LA DORADA|7010|ACTIVIDADES DE ADMINISTRACION EMPRESARIAL|
